00001000000000002000:721.8199259357688 656.8507110567092 728.5455898737816 734.2274282574903 549.9885335783592 
00001000000020000000:458.405170796906 667.678145595091 492.9512135302988 459.50774176208336 498.2671814748328 
00002000100000000000:531.436818165076 638.2156674790613 714.882047091155 538.0749209875678 559.3877083783605 
20001000000000000000:513.4833198032145 652.125888785224 748.6234793307933 724.1752301845586 713.4544805089965 
00000000000010002000:725.8590273994893 734.5540993902666 713.4981333509871 679.0907434490765 518.5644395036442 
10000000000000002000:672.8469963757523 726.2997657820538 712.3379915822828 744.0892626130898 383.3477647379277 
00002000000000001000:477.4356234247008 367.1132162627406 494.69720935866314 436.3681022895521 670.8251233844015 
10000000000020000000:639.4831157337085 459.83708321575546 478.2224081233182 381.86991994487295 439.26135365862484 
00000000200000001000:456.2096928578851 489.4881389721113 321.8589196380113 421.2320513247847 645.007652018456 
20000000000010000000:545.3747201423945 725.1140836238262 750.9142233793049 666.1434624298103 712.0988296512706 
00000000000012000000:632.9128260129839 776.6855006608396 749.478044720188 323.96155419739597 593.694029255844 
