11000000000000002000:161.64425429923259 510.4640115577432 376.6044272238486 451.66474254599916 353.1595737395944 
00001000120000000000:352.3035660824626 296.9098805449244 103.65924267418616 461.597823630366 325.8275056953122 
21000000000010000000:54.58313166615488 268.701243461439 309.4823684705982 183.05617035941023 204.68062820965267 
11000000000020000000:368.35283100217623 431.24959189830093 414.9293649424978 505.11098401395867 486.0019028908251 
10000000000012000000:281.68047913970025 426.51043254804114 336.54571888902353 133.35995949405083 217.58864205258766 
00001100200000000000:276.0429424947958 277.69729006682695 470.8894532219385 233.17542935912502 281.0049548124935 
00001000000000002100:167.56941496087688 171.51297332225843 277.5415176607035 201.5404156278886 60.92472686657236 
00001000000000001200:226.47080303222344 424.1808906365475 394.8145871461776 361.62570791344825 100.16395092188898 
00000000100010002000:390.90027466425215 375.6305010032788 265.89316230422435 262.4838085963996 536.1780274699577 
10000000100000002000:180.59228175610195 372.6903393512669 275.71091618827757 376.3279822016373 547.2756930629135 
00001000000020001000:383.136978778208 354.01529487461505 395.185173509049 632.8935940341428 374.2955743088273 
20001000000000001000:502.45245974322813 216.49495324490502 335.84429939065024 346.3338743422071 194.76810537033433 
10000000100020000000:384.1021347584436 409.5792122894019 398.91468317025567 635.6560234107773 376.45292799678816 
00002000100000001000:443.7129488168227 658.7960194689612 495.61995317759227 491.30962529755726 448.1298218448322 
10001000200000000000:417.859633681243 400.62444372002864 640.1472838529971 404.92907563341083 381.0185517845339 
20000000100010000000:529.52252469498 399.4336395359456 286.3625916568081 301.5561489171647 399.3412872050185 
00001000200010000000:402.32363176521545 454.51441375559244 638.6073247643598 405.0915480086649 387.2849936579653 
00000000110000002000:216.58656510432314 186.02717240238664 225.1042179641975 228.4659019608398 342.7744193697197 
12000000000010000000:130.38757808957627 380.6827436072191 334.1389281617257 278.52114983269655 185.65764512345257 
00000000110020000000:270.1880315163609 360.3888999239831 317.1279678541351 494.7680086381218 253.7031530119082 
00000000100021000000:252.1635837785731 379.04549351182305 164.3625279881281 149.36736180189047 249.8833469597678 
20000000110000000000:397.34169673242206 264.49583719085075 239.40031546288625 251.62422482496396 220.7727498485811 
00001000210000000000:303.33440585679716 125.38296287981444 144.30766601650612 343.6039001785856 254.69245413379699 
00000000120010000000:287.4227743718224 482.45809048818296 83.5910160438985 247.52398412405012 282.7739683358637 
10000000120000000000:508.38214353918823 401.2962437892311 172.38017822033132 414.63411562687304 294.1067668900995 
00000000100012000000:257.28749236540074 516.1860837009447 233.41553337603494 94.67395096729345 241.76914845951126 
21000000100000000000:98.93554405224698 364.35588954902045 231.39272368193224 279.021331310733 247.4121887165344 
10002100000000000000:191.3219850728617 180.85839145998358 598.8566715546732 597.5222019050537 653.3666550922927 
00002100000010000000:241.82958589064242 84.11731003028497 323.67510710697553 123.83758424362291 248.38615259064574 
00000000000010001200:257.5025865264786 309.86000918055583 298.27680927285127 375.1703149549999 110.46732299725824 
00000000000010002100:135.19320381126408 252.70467430723886 305.43808859404254 184.59217055873893 121.30794611165656 
00000000000012100000:239.4864581401968 418.97795756950194 283.8498013298812 136.87149965421585 190.27342768378696 
10000000000000002100:268.28612453790885 530.6076231525034 557.3600540294476 550.3280861863025 212.26402397636542 
10000000000000001200:187.55727173169578 343.4293776339543 332.44141803062035 448.8320084121247 115.4290194220966 
00002000000000001100:532.4259682544199 445.33353686666203 475.36371337807196 625.6640875697673 381.5458252357643 
00000000200000001100:429.97234474540585 458.7816441152993 475.61366329293867 566.7544247711451 346.6435041446169 
10000000000020001000:446.1717376585824 440.1804281877003 362.5084140089223 607.7339619106099 439.25426606502856 
20000000000010001000:520.8015247983029 361.55989550514283 370.3704911841896 246.80226971293058 248.42982999492125 
10000000200010000000:336.6474161835343 370.68754940153366 602.1095570908153 336.25459826013696 305.0416082107969 
00001210000000000000:204.19128403320184 170.86300979939253 315.5493931638541 452.9603079359314 230.46267598988544 
10002000000010000000:378.8943924004628 626.951249592376 406.3442158964765 434.42920073922346 398.9049580956734 
12000000100000000000:145.37039756529336 414.57140924876677 488.7814621478768 386.8021546992518 160.6941373185418 
00000000210010000000:313.75877508210584 231.11335841907416 120.78283236088996 84.25106489372459 208.897682708766 
00000000000021001000:596.3725459874325 667.9215521614765 620.2728966696525 279.13901063214377 216.7753231729541 
00001200000010000000:255.54020268016532 138.49344386689182 491.3745088539507 291.87649940146497 310.5663880978001 
10000000210000000000:125.08165295957433 628.6577223059309 138.87993123754552 568.7613011367416 553.2076542962043 
10001200000000000000:465.78839310752267 139.1268586874421 388.6882729035577 385.6609376716629 188.29439771445496 
00002000000011000000:299.802508968661 520.0866932055881 306.5271776534638 370.17177281746444 290.07525943833724 
00000000200011000000:250.75570828008384 254.24574243480032 441.45712218668024 244.41067016430955 196.71986143993007 
00000000000012001000:250.47807569098708 455.97624330843433 345.1134048806957 175.3285319902829 322.4985031999654 
00001100000000002000:153.48185011050506 125.96548973268439 208.23509591560816 177.71596690969645 391.75293276417506 
21000000000000001000:136.5034351505752 565.3660443125212 616.1008957142534 509.6552311504269 290.3286682027901 
11000000200000000000:345.38368203019814 461.20117926042514 436.69700278129596 421.15785988439524 401.6001464757943 
00001100000020000000:211.1202147111066 354.4015613731313 222.2737277873581 455.4990645797432 206.81175711646472 
11002000000000000000:406.03418188717035 520.0361422784531 454.2162555457881 455.637208981403 540.9273768571492 
20001100000000000000:395.50826400035425 187.5358880463456 210.78390678380367 189.06777794209538 154.0696516147537 
00002100100000000000:394.60330062535155 157.63382942438892 209.7877919269166 342.0913374875293 276.8680038147237 
00000000100000001200:222.43675357773958 450.18913848069985 395.0003668775912 363.6178943880149 108.05826109718781 
