00001120200000000000:337.59923199068146 156.60943198775303 555.7012936176433 284.30105799475376 250.2630036424451 
12200000100000000000:430.18796470719957 812.2310633551874 659.2868348965462 781.4726632807055 473.0539090472919 
00001200000020001000:307.11707636315333 124.86390068475325 326.1254487779936 271.4325587383837 568.4644229959918 
20000000210000001000:280.9606224314163 306.927086786467 97.5322505312499 309.0552676226353 496.986661051053 
12002000100000000000:255.08897035050066 380.19448458708325 614.3738093036422 435.8656561081203 329.2363591294457 
22001000000010000000:436.466184429584 572.487729771095 840.6197907770265 505.61454014818037 783.6725551665863 
10000000000021002000:513.896373229181 312.8805013722837 438.270545432809 94.1886606736873 391.0850313758974 
20000000000011002000:653.2786514135241 599.7891338340891 627.6232279513716 766.3826040539666 533.5916995075269 
00001200200010000000:427.99263071523796 212.6144966918262 244.88530407995074 570.4645388693729 355.6608738883202 
00002000210010000000:403.41209291776335 524.6332985518518 189.92228587613695 705.1625460865304 340.6261695343482 
00002000000021001000:514.9183359591295 656.7420300292266 519.565698032206 153.91043318887913 704.8490398225383 
00002200100000001000:410.88973287679454 368.84448315391523 539.5075345430307 407.120037289089 453.9617924231226 
11000000000000002200:703.2896729848594 612.5608475567997 472.3561694252842 559.381474309758 344.42152452517075 
00002000112000000000:362.90853028403455 606.510786639732 201.2566519795687 438.7633626305208 286.81543084718027 
20001200000000001000:578.7737304625657 464.88123836561 806.8271865691007 804.556397239924 744.2933175491662 
00000000200021001000:376.36071409923727 419.46247876790017 526.6365086321314 86.83930679013066 665.8624745462649 
00000000121200000000:549.0073039923082 503.9470471057507 0 468.3044225042224 452.84713163394684 
00001000120000002000:810.0299591333958 726.726973287192 643.0105574127648 823.0116282900076 580.0199704339145 
10002000210000000000:643.8785538879217 473.61710566311507 77.40744495889776 419.019776743583 419.3139976883307 
10001200200000000000:566.9223925532237 268.17597547262966 279.8078561425106 390.92035042621393 245.5051755140209 
00001000120020000000:469.9086763979945 616.4258937057612 401.8491267237737 439.3058526981732 402.107087004633 
00002000200011000000:716.0109579522422 749.4358357562244 717.1030461239577 791.6756894365269 650.3686172622488 
00000000220010001000:217.5346493929422 245.26842653795808 255.2439412738904 436.7508920618313 378.4490191745403 
10000000220000001000:357.33315091199523 250.2942684481431 247.46192363108864 220.33728796705648 387.32885269664274 
00000000122000001000:596.8264742607781 787.8042421710693 346.889903850316 839.1366354151492 584.2039251105309 
21000000000010002000:167.80310742910626 350.52657328988914 338.36553387211154 621.5874998169575 216.21809238087272 
00000000000022001100:380.8379816459929 420.9590405494582 440.00514708592533 340.2576836359152 655.7611521316428 
11000000000020002000:711.6051074000613 593.9307355154449 596.0630215291377 492.15063748979395 330.63359376822024 
00001200210000000000:335.3985697171665 151.56643008208897 125.96297269420279 225.94087101361674 238.65169389029202 
10000000000012002000:713.4842881949564 849.4431903735195 810.2811920630943 632.2197971972421 469.7090517146097 
20001000120000000000:472.80227935021867 770.2154960470518 566.2202118356427 824.0451907911447 834.6311305132764 
21000000200000001000:55.14293859978354 364.5363894072427 370.41246717606015 347.4559290706999 484.508912440874 
00001100200000002000:654.2616535902665 730.3294178193986 646.9385924555204 693.1809534818732 716.9484750452754 
21002000000000001000:58.4735137494088 268.2749211726777 323.418287127583 436.06067359922747 324.6640962943485 
00000000200012001000:241.0713196291568 239.47049944536275 136.16267077969363 147.01322668985338 431.29286707288423 
00002000000012001000:314.0418777949141 226.67743109796132 311.7672951687707 118.20386851707289 513.8608073071139 
21200000000000001000:202.13799734896662 548.5416730287883 580.9321767071982 538.1903381087094 260.69507786910884 
00001000100022000000:335.28722078851507 533.8645051292416 407.55291921820094 279.22259890414597 290.95964705437615 
00001000000000002120:475.3405788170662 594.2445627586701 631.1581357566562 542.8688540300396 183.21475858237042 
00001100200020000000:668.2075272846233 767.3470269914401 751.3318136574316 761.1070974481096 678.6528301845378 
11002000200000000000:679.2467025922465 626.9514808850474 643.4533480800135 636.1437735279717 630.2070933274043 
00000000000021201000:365.3465195344493 359.308279328979 339.25920165230156 221.53837756561373 542.0692910039498 
00001000000000001220:631.2170040549903 670.0129608815178 816.9705403752857 732.1108468338653 570.1111524246409 
20001100200000000000:669.2523243118634 765.10313571111 699.9547689712324 692.3893855756419 637.766320697808 
11200000200000000000:145.71486037282054 184.8739044973204 395.47730166195373 317.3315903440588 168.29421576252324 
00000000100010002200:809.231160281952 775.7191942340485 655.8254672139744 586.2357584217274 584.0834196573464 
11202000000000000000:275.80810883057984 456.6313293716212 267.1751074855363 280.6251046770001 304.46357779219005 
00001000000020002100:323.7344851487047 655.9329213872439 310.89510918734425 466.5319361658315 76.48933078270622 
00000000200011200000:305.29976032472547 260.63842767838855 461.0224464219772 252.63538647520846 198.11196994264566 
00002000000011200000:410.835702181381 629.9118329630486 322.4680232312288 262.8258238081259 308.3723901035126 
10000000100000002200:521.6712943110876 811.2115082411963 667.6101260589492 812.942812053479 612.1640789681359 
00001000000020001200:312.79945988452124 669.5878319297633 346.7286694259207 378.2062287258573 277.48308129178196 
00002000100000001200:389.5871912031842 420.6760295238454 639.4608477198516 424.3971215120814 239.7624957047749 
20001000000000001200:570.3046986769901 761.3389548139291 816.2210470286925 817.209833439019 576.3623579865219 
00002000100000002100:409.8805537440814 562.5850018103249 674.1283392443189 368.00558010362016 208.7695877334808 
20001000000000002100:167.80631706769933 605.0352749268321 333.2369984063562 259.9855113910744 70.57380869712459 
00001000200010002000:411.06649700854723 665.0807965557398 374.1585238204444 691.8989046849119 311.082372005797 
10000000100020002000:627.7486184668654 399.0782776651201 605.7350117714765 468.41630298296013 422.2584878569966 
10001000200000002000:678.52640809726 617.7110999515776 386.277195190892 380.15770401653066 372.35277320608657 
00000000000012201000:479.444139506568 753.3730308959714 744.3729921096636 231.64659588118744 519.3734639083315 
20000000100010002000:374.84373030471704 434.34482740736433 659.5182427538656 657.4796520710051 379.06533235933983 
00000000110000002200:660.4787086033888 737.1620011736294 721.6873498590646 664.4147565548209 578.3151795498724 
00002000100020001000:428.51198485268316 439.8123023097162 682.535381665544 456.6832351101728 708.5027443143905 
20001000000020001000:360.64343418689924 655.8830324099557 362.5733354081875 395.1610172527694 580.3183331602554 
12000000000010002000:567.3774038700662 804.0977612437563 824.564279881382 770.0651336255494 621.8323006370865 
22000000000000001100:300.40454402476 585.2865950850914 597.2468856519608 471.808589378656 700.2583836278133 
00000000110020002000:644.0818259377456 690.574280891719 726.2959223957328 720.1918137592763 799.4554138707455 
20002000100000001000:363.2282459758692 433.125842973472 593.4783376900554 483.847576290673 668.781449573109 
10001000200020000000:617.4007858733402 671.9778775336748 384.09727043073974 418.6609827613693 404.02967901359824 
20001000200010000000:345.62042037989534 691.250144790895 428.378775274174 600.9372136862302 393.5213559781615 
00001100220000000000:460.9323940322532 672.0066211658228 591.6214726726931 466.6097331958635 458.9672682600142 
11000000000022000000:655.731791816865 465.3347598392139 480.0085829269422 639.1209146008404 471.1755030770158 
00000000100021002000:466.2374989511267 476.3435953569128 723.2431288795894 221.60231662824185 656.4507905893553 
12200000000000001000:121.19316579043245 499.67047894296616 440.3849905882381 436.3805496080064 315.46503981426275 
12000000200000001000:105.10516462761672 282.13307402744607 212.7884270336917 221.24613588557025 571.1940516489437 
00002200000000001100:478.94307915152297 227.9239998796497 394.8972578753024 378.93516303581754 709.3041888530843 
12002000000000001000:186.23106556265864 316.18957187564644 296.201865595397 326.58922628583457 556.7536671962102 
20000000110000002000:630.6006475458995 646.9292972744082 774.5847148419954 656.4152797555491 603.5335977299846 
00001000210000002000:410.2193767161165 670.4337233611633 272.0949919872459 392.77043297728756 382.16873872667253 
21000000000012000000:34.8492908221199 594.2685427934964 514.5199015331474 70.95519630264555 611.0422323607015 
12120000000000000000:0 409.8344605244387 491.1209231233546 438.53004779104776 161.62134484389196 
00000000212000001000:301.5571831679693 274.17552543878 42.76788634976786 257.2363695366298 419.7835043881224 
00002120000010000000:467.6650557852562 317.00574582289204 408.7153370036127 618.3644822500734 250.3155828701862 
22001000100000000000:559.4984615306356 573.1221018949489 622.5694814199641 829.6491970989017 781.7550773226719 
00001000210020000000:466.99148062918806 767.6446632217894 353.0264931505386 701.9767678578802 496.39521594467334 
20000000110020000000:679.4217815025352 639.7412926226899 769.4508405938097 728.529407393337 648.9977910550526 
00000000120010002000:840.2297116563798 836.6664623804373 551.2460867700531 730.471892460946 516.5712970178872 
10002120000000000000:608.928836408528 121.24623197322458 458.34940518088854 452.85047073711286 430.781013646882 
20000000100021000000:464.3827008333755 415.9175841086633 747.5751005601908 164.92991108832447 408.36697595706414 
20001000210000000000:469.59443911999455 740.2977875502611 285.7613246626942 438.953025822213 392.8384240222233 
10000000120000002000:725.623953169335 821.3101129198412 536.8540215030406 847.3569668576752 527.7909409558088 
00001000200021000000:404.4810706175812 734.9068969289472 578.4921304772048 104.53258380568961 436.1615058661796 
10002200000010000000:493.14995423182796 381.4482443688667 383.54290516070955 487.3547843817882 342.90223011143274 
00002000120000001000:354.647462881824 273.6094258337208 237.76086731206553 438.7768083698543 577.0211634304762 
10000000120020000000:579.5455803920172 390.01797010228313 239.1525297395434 329.03489245261414 324.8440300532332 
12000000000021000000:63.66772966402752 183.86358368853502 341.4934836877246 66.42471864529993 275.25195390140897 
00001000220010000000:322.27695614259295 448.0971844528055 364.7360524337145 397.6207825287348 259.93619218886016 
00000000100012002000:813.4515756649287 833.4650878613803 709.012055857395 482.7556837593026 629.3056320604078 
00001000122000000000:814.2091583284686 666.8686756410636 377.6959702405955 988.8950892857146 784.6681710635033 
22000000000011000000:555.5760443946606 501.14151311562745 686.6764713030296 643.8854024732526 584.1174006928351 
20000000120010000000:621.8789844327999 810.1039475308314 491.59650533663984 739.6989096291228 840.9429636792898 
00001000000022001000:368.27916699241365 543.1511646885618 309.2294336497238 289.02399422407586 399.74754327154636 
00002100000010002000:400.2072561194164 185.7448386566501 466.29246337783405 753.5139873417612 455.7784943788949 
10001000220000000000:440.8430103815589 447.533467084357 353.928349421268 341.84583099021256 285.0380868151053 
21000000100000002000:235.94000050253717 487.40338679824623 658.1653932756201 377.9123644439711 202.25636543074964 
00000000000010001220:451.4197290675117 810.2990778329739 802.2851227347718 570.8149898873265 571.4383141108742 
00002200000011000000:508.1574236544588 602.9010685766264 499.02306367518463 692.1108720086082 574.4225308216097 
10002100000000002000:636.0525825295974 271.0546001758104 500.0229992845783 455.5405875932645 405.50907067632966 
21000000100020000000:144.46052533058318 304.05215655503633 692.8209165958737 454.9635020590504 325.51731260171897 
00000000000010002120:559.8943169313463 525.9604377847136 590.8477775222684 629.2015291310412 190.36225397704314 
10000000100022000000:486.61480497409883 330.2047490028373 543.4903753750879 395.3643860849955 319.85738879335065 
00001000200012000000:394.76555129650603 618.5613533078972 285.25528939862534 225.60503617172702 328.63012755090995 
20000000100012000000:518.6221624927139 821.0115355588542 707.786014850878 447.1664847103152 819.955937963694 
21001000200000000000:75.64837884684512 619.4229506035846 426.6670814600961 347.8220181696823 339.4632705557278 
00002100200000001000:500.0458084020233 64.13298456934743 513.5707955752828 336.8721613340371 470.0361042778236 
10000000000000002120:483.3607818353602 529.342410145481 650.7431273030433 538.6173174158839 100.21200516312692 
10000000000000001220:496.285567644765 625.6698015541846 443.5500124720065 507.826581598448 154.3974188457768 
00001000000021200000:337.08733268588696 563.5256120466248 338.3992459522882 129.84768519525008 334.9451777982982 
00000000120021000000:330.73505961815897 435.7186462818262 230.5710375939867 66.07768117908716 296.34284130870134 
00002000000000001120:341.79602296736954 509.10777794073556 330.38671850046364 251.44766255159954 110.60206326805947 
00002000000000001210:157.4502949002149 89.57836570553049 222.33445603074424 304.91543628062044 21.326380417463067 
00000000200000001210:151.6791879961264 166.71193633730113 109.47980010600963 193.59807820320776 90.91998840291318 
21201000000000000000:167.85325980275513 537.4521387580689 597.6593963321236 492.80052287356006 500.9661327193615 
20002100000010000000:544.0824622704156 225.00311311693468 515.1222008208804 724.4090477139838 367.7983279838289 
00000000200000001120:195.85947616917403 263.92358005079507 425.40312638176954 229.294230946651 158.1216082323396 
00000000000012102000:620.0813853387826 585.5196849332003 471.4066623371433 130.35402934795368 120.19373508946605 
10002100000020000000:608.4835404542076 155.13338289314603 431.31267661952086 487.19589657612056 420.4563427820959 
12000000000012000000:431.63057053992475 812.866934660999 791.1269457384248 460.6735725663782 559.113486794694 
10000000000020002100:331.45483255643956 315.9473722320085 361.0339465113273 382.9678521620945 37.65358130845384 
00000000110022000000:555.4528289132602 453.6191636160096 740.7497200053915 513.0357198329262 526.4507626416603 
10000000000020001200:617.2313720502053 328.66856537547335 370.6596094600208 288.27417446619364 258.80676080999655 
20000000000010001200:642.1055016021617 839.593955097223 847.9157042643164 723.6792749616619 607.7916763710806 
00000000200020001100:618.3681039006933 718.1017545595448 611.5915988283083 655.7846024328202 707.305953810685 
20000000000012100000:71.03043273071796 412.9984834606016 380.42873644015606 5.237520433816446 481.97607518790807 
00001220000010000000:796.5491552745153 318.3729265423051 989.9999999999997 728.0033647879229 808.7145295053191 
20000000000010002100:157.9870612063807 247.61056370376076 337.4682771752081 608.4884561917673 92.86890554547516 
10001220000000000000:561.6802410760769 347.8134610835407 807.590786329576 839.4939045225337 549.1746050629731 
00002000000020001100:687.2001034397473 683.8790402222096 704.9165388823119 696.9060444182664 747.7972913787358 
11002200000000000000:637.3254201303256 592.4123170026596 503.1522263961055 494.8437061449921 457.8036778434721 
10000000200010002000:639.2710378561928 382.7074368230317 397.87682056444737 619.4100279984184 291.53088295407184 
00002000121000000000:359.03214109973027 266.7087439637647 56.49356260592195 435.12400624715707 254.53130590562535 
00001210000000002000:595.98610072151 141.74914567303583 461.76142581123736 652.0984027091437 136.8513718905112 
10002000000010002000:599.9525823361996 404.7524121809971 442.3725643733672 710.7847403246549 332.77043694462435 
20000000200000001100:428.25144209397035 634.9689803694159 486.2334209117706 617.8172525869979 714.7699975430776 
20002000000000001100:400.26242602963146 562.8879941154906 635.6524582439783 630.1230776400979 713.5711960701531 
00000000000021001200:307.20744388397065 428.943148067673 359.2090419153757 141.15149010005524 196.06265292141256 
00002000200010001000:387.28137879348327 361.9691578947168 364.76053295300113 643.2182980893388 592.5592091278368 
00001000000012200000:800.3633777134049 796.3075969591679 982.6119402985076 493.49560017895396 721.4641430811589 
21000000120000000000:137.6150784579373 439.517426585374 156.1782423678059 660.180581900148 507.482252731941 
12000000100000002000:518.0494688347941 793.9083472902984 719.8204013662039 831.0391975633544 596.0502309586741 
00000000120012000000:765.8379565455875 988.2601054481545 654.8524402931732 499.7664140163608 716.2939438126022 
00001210000020000000:190.41026820391184 63.423911476215444 266.1361567514953 124.67281854313833 149.1895079636388 
00000000210010002000:372.8915452635 351.01879480444137 190.24099529660705 681.6508533135134 388.4242401610856 
00001120000000002000:422.0465818305549 132.27508120430952 544.6859427952178 524.3984896057206 342.28112880184034 
10002000200000001000:604.8061194410916 493.06458346811513 406.5958503260127 391.77788265909663 661.3272422380988 
00000000112000002000:520.6066977592855 586.953282433888 207.26534020145803 672.8598082795053 327.264905244668 
20001210000000000000:123.83749103460963 40.27706159884619 464.7601870401207 429.3746988193074 517.3619346129958 
10000000210000002000:531.5698915928813 344.98342035067606 110.87003485000365 359.603447741339 240.80850988222548 
22000000100010000000:546.8368976369846 837.8960175997258 650.8703488354704 673.4196865091251 836.1462468233027 
22001000000000001000:545.3017819059667 585.7184909976708 781.2153501176593 780.1621644448683 551.6892622513253 
00001200000010002000:802.094855854081 654.0648673471843 835.1523479812836 784.7020452336415 550.5608183150716 
00001120000020000000:296.37910018323856 132.87318694033573 267.4180665453155 544.584932792878 265.3485713782469 
12000000100020000000:274.9961354425361 274.76676741675965 579.0942850492075 294.5027096910919 300.74270841961464 
12102000000000000000:76.66944718047112 134.03871002512997 284.7022534626335 264.681872090877 199.06652521847883 
12001000200000000000:200.20242003481715 644.9253108955897 318.66868077447026 333.0484012447618 312.0296791262355 
12201000000000000000:406.49020926516266 714.0906171951818 784.971571607544 772.5917217662536 476.39937038191556 
00000000112020000000:218.19222171032695 228.2808139873933 178.00479195964596 553.9061398370917 254.2718753721108 
10001200000000002000:692.677624280031 535.6007609815712 774.3529736239402 835.7919618231477 494.383776170739 
00002000000011002000:706.0868164090582 753.6440126227883 632.5320166323963 800.202602876632 707.1345318452969 
00002000210000001000:389.8494240553948 479.70351736303775 77.78328397929397 368.2587444383581 555.6913685006225 
12100000200000000000:56.45536493618473 164.3057969437898 136.376626079363 232.69040307612028 105.4978643747625 
10000000210020000000:623.1375308836222 321.8855417278916 73.72555392211778 361.22127537349377 352.7286457506028 
00000000200011002000:634.2383726094192 657.2477380319939 648.9040123321819 789.65933787072 610.9919388043148 
20000000210010000000:461.85046000375877 434.701954351889 178.67875867574875 713.7798931988114 353.51529554219326 
00001000212000000000:334.25055576632025 568.653546269595 318.61893825066477 270.0203206068236 377.60536416648034 
00002100000012000000:444.4066198086168 222.1622736786745 339.45207853369357 112.43767710497784 231.2084509037411 
00001212000000000000:502.87543093973045 0 533.9706970455857 474.72735586071065 332.9004961777903 
20000000112000000000:440.7699250454242 493.4094209658806 145.0640447133114 548.7784289421998 611.5502137646528 
00001200200000001000:253.03100162812734 177.3328697150893 209.11298530103008 298.7581463232888 527.1548540627116 
10001200000020000000:490.07140417111907 158.21263472500357 287.5973323726145 143.7417599817162 271.8128734816274 
20000000000021001000:285.54537024231104 408.4808952397245 426.88778938425884 95.92633558821498 600.9330401364549 
00002120100000000000:498.7926618225562 208.4812392120639 682.1146562714653 456.83614611980914 381.2175852406099 
20001120000000000000:327.48195843384315 173.55690700090403 471.56580042790983 399.5861092193289 567.5328234664862 
00000000220000001100:371.2401984615372 393.9429974507549 268.8482801430545 362.54386861881864 667.140174382419 
00000000000012001200:498.103457478986 774.3288885682497 799.7736674856802 343.0152727928693 413.89208800162345 
10002000000021000000:604.8461681853186 500.63994356635044 438.14500453784905 117.14327172955836 450.9090172043309 
10002200100000000000:484.6252331965657 455.2184074272377 535.0950197283281 405.25654664440225 411.4746935999107 
10000000200021000000:618.4698868848524 411.0588461217116 368.39691614690474 55.09560868596987 331.9338499604867 
00002200100010000000:404.93015065400436 480.02771300105127 524.2956979243593 497.6601014039291 416.89806462300356 
00001100000000002200:557.0820506321021 741.4812038859071 681.4294388909053 699.8637092120612 555.3090477758413 
20001200000010000000:618.6806962260337 444.122024058796 821.9504808361833 639.8003465168453 827.0958832153265 
21000000000000001200:64.3566945470306 591.5382115164922 617.4387695146743 658.8300502325659 207.52535190341618 
20000000200011000000:676.8263282864189 615.601084000194 633.6063299545317 802.9825979971238 617.0363503115543 
22000000110000000000:532.1820992632138 617.7082365286759 659.1428424332469 654.9207478780079 644.913167934334 
20002000000011000000:639.3198331253383 711.5689615739219 655.1952831890408 794.3618433686396 617.6632254759951 
00000000122010000000:744.1754661728025 984.7480106100803 322.11243778506696 713.0106907688345 805.3476751052971 
00000000000012002100:482.4889450855911 476.0114967031321 601.2147938205466 101.90699231318686 87.36961672088326 
10000000220010000000:363.1607414904215 323.3289894923457 402.049227426669 525.5360407677429 214.3900648598613 
10000000122000000000:694.4932698765864 800.424830189552 535.0333384861102 763.6034338820721 604.0747238411999 
00002200110000000000:537.9337216557722 525.9758668297933 692.9463063882575 528.2525839016315 534.1626534414527 
11000000200000002000:685.7402395116566 658.7511372424813 516.0313483533636 613.3959940105633 359.9887825260992 
00001100000020002000:660.6434964501376 724.8442903732234 649.0525721080971 588.8652275814085 674.499170168239 
11200000000000002000:109.31747469173706 628.8027355006249 422.16012955736744 461.4197575362112 96.0302353332692 
11002000000000002000:684.7712231227018 585.439583901185 630.4362678739279 622.6371705613026 428.85287592007245 
10000000000022001000:493.331297997315 370.96050073118164 329.8174789744592 337.99609850678956 374.330808119204 
21000000000020001000:53.55848347357082 401.2176132555962 283.0612180407964 253.08878047394043 339.2638297390485 
20000000000012001000:557.4194962400722 836.2184698138403 834.9980755909878 405.01102589311057 696.1555296072047 
00000000100000001220:436.8008351354054 812.0838537171292 695.6876254590728 712.9120824198679 517.2162197364712 
00000000000011202000:610.9022222146166 557.8656080015247 434.0710266944944 228.84653525415428 371.7665775488021 
20001100000000002000:582.8082457943419 738.8462623554226 598.2744969302368 589.1715875851768 546.389287062769 
00002100100000002000:488.5435705134519 324.45619900753064 767.5778252160842 503.88406742153916 630.3059672894068 
00001200000021000000:173.2156366228142 84.57326277460774 268.200295891543 84.35673832430982 235.85848677273702 
11000000200020000000:688.8985309642516 627.7195599975471 626.8003299705409 596.8900236084805 628.8959605369402 
12000000120000000000:404.52418109240523 797.9984116518389 483.4099465655812 783.8958114422533 508.01331486302104 
