20000000000011001200:121.92045625045208 164.9852278305008 85.84831118068777 44.18453251575001 4.756327886214678 
00001200000020001100:139.54099870441087 50.77088459566577 251.7486820948823 385.2756118262072 153.39777167728232 
12001000000020001000:239.86775372161097 359.43885127402785 305.7261112756848 713.4797107845819 175.77016399139887 
22001000000010001000:-1000.0 -1000.0 560.8560033505678 -1000.0 -1000.0 
00001110000000002200:-1000.0 281.940584383382 -985.6632879161127 -1000.0 -1000.0 
00000000121120000000:172.21145174836005 168.41133695696988 0 428.90042101875173 102.86699097487636 
10000000210010002000:84.75131457361941 169.63486983023392 89.32013030416171 117.58326411802504 376.73488190378777 
20000000210000001100:449.73758794455205 696.9371670537043 244.52331343706913 624.6746086336323 466.240238203876 
10001120000000002000:57.54380038392857 5.333077224264706 223.22384388948052 96.76919636481043 129.8727758357291 
20001210000010000000:303.0656740224422 40.933555855497566 232.56461345842524 493.94270607106426 248.43055594022258 
10002210100000000000:323.7340900329468 97.9491830761741 395.77424202500174 239.43007662570025 365.95809698140425 
00001220000011000000:57.235298926925445 0.9096553125 250.78537023643662 0.0 20.511538065219508 
00000000112010002000:231.11655115313025 453.1214015838163 46.41451423102624 301.69273156538276 229.6888338335186 
22100000000010001000:22.436534201804122 278.6422565221456 117.67146126322166 145.00617698145442 38.702435918476695 
10000000000021002100:189.0043780950508 702.3576751228367 728.1813511200982 300.9324454374463 183.86599462691117 
20000000000011002100:214.83816503998392 134.12224304667146 51.21241520410611 88.09748962095107 38.07006963091191 
10000000112000002000:34.218321959250005 287.1390497129816 21.556214792465358 104.3521362211527 64.75226614942841 
12100000000020001000:173.18179150723475 325.9869339738027 247.465315961856 693.936100058668 155.5191916195844 
12002000100000001000:406.9982895736824 687.4678031236913 607.5090247952545 396.34605547465065 224.30614183860055 
12001000200010000000:185.33704588233692 554.1045153591162 696.8988387209766 408.73974201077425 384.71701448849 
00002000000021001100:693.6398559968014 641.1401169856612 727.1544110837095 629.2941186729499 593.0427705710273 
12100000200010000000:117.63424027265629 250.48677097666953 615.415744110951 302.4468696443019 187.2377125403845 
00002200100000001100:451.6814657936065 624.5380840058642 510.2695623548904 507.7067245387579 403.6536013393847 
20000000121100000000:425.1237425112875 190.62432004536046 0 136.10194225105658 173.02593217220274 
10001120000020000000:126.53292938141027 10.673289000000008 360.2872745695295 541.2753985111061 140.94878636981457 
11000000000000002210:11.118009375000002 174.93801500514436 108.93796427853424 58.77667320361386 113.95561093714285 
00001200121000000000:417.4198993962178 86.31261864231801 64.70609878434068 606.6184372178128 331.2956282589365 
11000000000000002120:0.0 409.7380191723844 377.09255385338355 266.7250606738236 115.05879831932774 
10001200000010002000:-1000.0 -1000.0 374.8776334116787 -1000.0 -1000.0 
11002100000000002000:354.99065983564486 307.4202342111344 709.0192804746353 727.997792756615 451.0885258893574 
00001120200000001000:268.4679081082241 60.77173914315246 360.1078514586872 199.26506042107104 145.83522102150562 
11000000100022000000:513.6778516261128 456.8989924344573 429.3049050751655 645.9115736211077 460.52884891182833 
12200000100000001000:15.734179832826745 418.4399581621523 118.34578756965742 234.38891209434803 18.214048224555988 
20001200000000001100:225.7280870107399 142.98774153325547 128.8792611212619 120.8258569131874 151.8731139533833 
00001211200000000000:147.63135629202557 0 378.86125610136935 159.39475320980085 89.00462444711539 
11000000000000001220:0.0 77.29149028206123 16.1177445 123.99264664668272 6.876447001409775 
00000000200021001100:692.5094733858618 740.0485186777578 553.5332219375169 265.5481680276526 503.28344612132395 
00002000112000001000:298.7269299797962 575.7182638334771 133.69131008615227 356.28153849374945 151.3522988354954 
00001000212010000000:214.5343192598146 215.05340248299385 36.987563408315566 342.5397681021424 217.5204233134587 
12201000000010000000:-1000.0 -1000.0 263.79318909123276 -1000.0 -1000.0 
10000000112020000000:147.2420296174642 203.74756498574928 77.55349367346429 554.8842192814698 143.09854093717033 
10002120100000000000:72.44239889510735 189.9514222462824 263.3622814883335 302.48812405238783 141.75780869224377 
21000000100012000000:86.5992448673124 384.997597498143 250.77285915022193 30.416987520527357 249.64238475787926 
12120000100000000000:0 314.90998404084587 352.1070732478275 176.8727520430626 70.62154172158951 
20000000112010000000:434.013314444825 291.3976634071572 20.618071888043012 303.6319781340452 195.42602688695828 
10000000200011002000:94.77513696257154 93.40850021624063 337.3280358244647 143.5507318517673 274.13556845817277 
00001000120000002100:279.0684935059224 269.40650785657084 128.9955613100515 387.51324858979405 115.39541802297357 
20001120000010000000:158.10876701572494 0.0 206.60061896233796 4.281877506696429 78.7621221040724 
12102000000010000000:271.3115215603537 576.8336271666328 241.86553490492904 427.44889475216377 191.89061556770838 
21211000000000000000:0 1.9238043634615387 156.0556868225688 10.138270273891626 3.896040879725245 
00002120100010000000:167.01925449005896 11.374341193200653 81.8382433607858 191.10468629617512 252.93671356609616 
10002000210000001000:115.82894104654176 422.7696519685809 206.84129025098548 101.00489754453385 103.70598050873802 
12000000110000002000:21.454702884948258 147.33853557734417 29.326420936607143 85.16502116259977 102.05487483316384 
00000000121200001000:91.04059374293746 201.14859446546373 0 183.0370080308835 117.6809361843681 
00002000210010001000:193.90261397573127 440.8103093563135 121.49721020150989 108.07076097909804 38.59477780961739 
10002000000011002000:88.44943284809533 428.57211339833196 124.37302569971804 256.9074076303624 343.60626373320974 
00001200200010001000:325.1571498349735 423.8710884541627 730.5415999300426 571.6830815079311 480.64812413430184 
00001000120000001200:-1000.0 -1000.0 -1000.0 438.5290595482023 -1000.0 
00001212000010000000:37.02433925709537 0 211.411997163307 263.18942335202917 171.0477118304416 
11002100000020000000:333.7687107870463 264.3155199179135 709.5828288904778 524.6911166611526 719.6885325582676 
10001212000000000000:178.49825172605043 0 180.64934563225606 180.0458419869913 93.01871571551227 
21002100000010000000:22.654974043184264 2.9027928549498823 115.65767542922403 18.059956333864054 11.024540597779907 
00001121200000000000:262.59292585303734 0 478.45369995794357 170.6567596824644 196.38724968584535 
10002200100010000000:705.9930234730552 689.0879851303372 691.4780976421129 766.2918424613686 615.0939118807586 
10001200200000001000:485.4154467664078 266.3447356743996 690.4157970826091 333.25245590329587 304.91717781912007 
10001000212000000000:45.28304911787039 10.710066529600157 0.0 244.60758084543843 154.47719156461872 
00001210000021000000:212.21122349197464 21.49764030580539 69.43206125852281 18.455800164283826 88.81348718841389 
00000000220010001100:356.6541501940499 443.85105603304845 684.0791331511796 454.043931268294 518.7878800772972 
11000000000020001200:65.3938467984654 201.10112427482804 166.87224093827103 523.2113353113033 99.67463390624576 
10000000220000001100:408.4723350475041 398.799016734028 646.790446737819 470.6154245481852 365.54434935899314 
00002210110000000000:79.43303281145126 26.238918289321962 379.315108636703 172.877459539212 136.13015182801027 
00002000200011001000:221.5888962977711 366.28088274328314 465.5541064563232 255.16624852485245 188.45056102987917 
00000000122000001100:72.47437202802445 102.57338865691736 0.0 210.97511257122665 2.858916696428571 
00001110000020002000:-1000.0 240.35062117493672 -1000.0 -1000.0 -1000.0 
10002100000012000000:58.979632860733574 99.06910322964387 151.16256676571334 55.37773298541775 178.13576325039358 
21000000000010002100:17.601753776248152 87.08892165180177 20.89420541134326 49.03532094726653 22.292707669894618 
00000000000022001110:-1000.0 -1000.0 -1000.0 -1000.0 579.0206266416063 
10000000000012001200:290.20131964474115 369.546638377933 422.57395491227635 240.3736021033694 198.03161923031973 
11000000000022100000:61.75531807484755 221.78640908558887 214.72228814518542 43.355520792463444 375.6330646396601 
00000000100021102000:93.94765364926475 422.3267301298194 31.475042943041792 0.0 166.81295539001127 
11000000000020002100:257.4508914142401 758.2286638242514 733.9683518569254 422.4837899106567 168.68875531408514 
21000000000010001200:33.63504918260895 155.56416303262392 227.04286624530354 411.1419614847937 16.960049838712767 
00001100000010002200:255.7504327694114 147.2890842560304 444.89786889763747 205.41126257127215 652.4034521586439 
20001110000000002000:-1000.0 147.50930623803953 -1000.0 -1000.0 -1000.0 
00001000120020001000:427.2177332293663 655.2227191409478 303.409912651345 707.251563387186 466.8939150904217 
10001100000000002200:171.34645862485755 137.48066533931478 364.02811708476304 323.4917895506292 612.7852853336462 
12000000110020000000:104.8684940177442 123.64556232055341 123.90444492096559 321.3684736374599 70.49425116011169 
00002110100000002000:108.02211044869208 168.49276282468296 212.9433731636521 224.09715912752728 253.27361696617527 
22000000110010000000:596.2911905037457 387.5774471581674 397.2796721035804 218.9719713087712 435.5392065095201 
20001000120000001000:-1000.0 -1000.0 -997.118709033853 459.1531933178367 -1000.0 
21000000000012100000:14.083272248059007 189.68838361044143 169.50274088715787 65.66838024622254 144.17175999588338 
00002110100020000000:103.0795529699369 6.804694285714287 79.2654972819596 486.10009349843455 222.90054973056056 
00000000210011002000:127.35065530805998 70.57527972736683 98.03223447941383 57.073802518853924 222.90986462468746 
20001110000020000000:-1000.0 208.22679079782347 -1000.0 -1000.0 -1000.0 
12101200000000000000:179.045987424187 158.59829403705726 392.7800859789817 554.1356824818298 337.0567807579446 
00002120110000000000:111.94102706728974 0.18180797320124187 85.70367741800443 139.94914373633918 123.37865272151778 
00001200000011002000:123.22951011610598 21.79044792220906 140.673248026793 69.2422709163755 214.64490343176254 
10000000000012002100:201.75959636249578 236.7374935254381 314.2625275401935 60.5340066655106 29.764010613107807 
00001000000012120000:53.683882599885656 73.83084831394011 317.79305697300714 0 73.63441008037921 
11001220000000000000:0.0 21.793223571428573 46.916827101244344 313.05966944422954 55.487359859340664 
12001000210000000000:28.416740480562403 26.44194908888892 27.94679965646219 201.43553559803482 103.76905118837365 
12000000100021000000:46.80686336187694 276.85298441632466 166.80376412119872 43.76486759289447 155.8467268981891 
00001100200000001200:131.8112206196209 152.4333991388422 337.5269242298521 149.09690368664013 86.25901634437517 
10000000122010000000:-1000.0 301.193226771697 -1000.0 -1000.0 -1000.0 
12100000210000000000:1.6954434867857147 111.73555530314366 0.0 256.7608516191209 416.0022098610023 
00001200210000001000:162.5573160521172 55.8466389758629 171.64234750531384 252.7834937530993 70.56593465804691 
21000000200000001100:326.4549676481334 705.6061463566309 365.70124525033145 699.8396437094909 507.82495482070505 
11002000000010002000:177.72155540523713 425.16632674696564 190.00194817006832 133.57847421843093 323.9773398714535 
00001100200000002100:166.50648860170685 181.55681611162436 349.51323349517605 157.83574779858824 71.62922944417058 
11200000000010002000:0.0 72.92884552704214 34.73104751990547 28.31979348 185.74323536263475 
20002110100000000000:508.1089531606102 68.25506473801667 274.47053988119467 136.81986573522556 167.96084582599667 
00000000100021210000:107.92710334897572 173.90640131091436 45.74269681663735 0 2.344650505955851 
11000000200010002000:88.21675585439058 185.51102055372957 359.19518229725634 204.81057360398043 307.97869205301646 
00002200110010000000:409.1583603716207 639.547077929251 620.640375133966 431.0555711521779 439.8999720431708 
00002000112100000000:313.80640642013134 550.13276025387 0 379.2921458818806 410.1110619167566 
21002000000000001100:173.35533904311896 456.42201713988993 747.8728658168621 788.8500580408162 348.86364561020054 
00001120000021000000:362.99336647344677 15.640444300867355 97.0932549075611 64.32832674960338 86.3721173992314 
22000000100011000000:616.7524863916719 431.3541705247011 276.559811009502 199.95941682686058 360.0634650884182 
00000000211000001200:424.5565851075974 199.78142544642859 0.0 235.75830327920823 0.0 
00000000200012001100:137.93259925946714 221.07000900190656 426.6889312135834 87.47826196082853 53.59587356857352 
00000000112021000000:241.07998596824476 287.2764654990245 136.4463220367528 95.39848967278147 96.7789126136671 
00002000000012001100:258.33984410072884 457.06386439631035 279.66096692340693 260.74376353055857 205.00731252275952 
21200000000000001100:0.0 81.675 258.73181613321435 380.93705247727183 0.0 
00000000122100001000:78.70227153552054 133.08829787416514 0 322.277435118751 75.17608827558381 
20000000210011000000:376.0336607358055 86.28017776663496 267.04553366369277 215.97290118969076 151.6960834025649 
00001000000000002121:53.63256408391809 109.8412910699595 43.44891111000001 74.25971327217056 0 
10000000210021000000:148.02602491448548 708.0913819915762 154.71578571428572 63.12548076923076 693.1577467335667 
21101000000000002000:8.085825000000003 104.73273914194814 98.73188017546588 148.00458941726447 263.6701782966135 
12000000120010000000:-1000.0 526.6103073632937 -1000.0 -1000.0 -1000.0 
00001000100022001000:580.2440639964924 738.6375965355231 686.1974430167975 694.5880325156274 630.3832935756683 
00001000200021100000:104.79068766964288 91.5863685942857 354.3637848399543 20.2145625 53.208928928571424 
00000000000021201100:265.8536798417596 630.473594683713 279.5818693043938 9.9010927125 103.24322999281192 
20001100000010002000:270.6788963051942 116.26717873349801 186.29825253780731 164.08088009692062 285.6012616786331 
10002200110000000000:452.44986787646206 539.6149320761303 539.0189764830106 479.62682713903854 416.46206736442235 
10001200000021000000:55.36234968245515 58.86080502640616 242.71792313271555 29.941498431669864 39.764630945426774 
20000000100021100000:399.41918758695056 171.12841846749492 123.78809260400413 183.76875 75.33498542117457 
10001100000020002000:110.84863296754374 147.21014682732883 240.80043431915382 464.35138014853317 328.77825529351077 
00001000000000001212:56.165281109772415 46.790927172649425 206.11558120137437 317.2366682321303 0 
00001000000000001221:51.704591676482806 89.56406933177502 204.91696846731787 148.93110190550075 0 
00002100100010002000:149.71535606432187 200.0494648634186 229.41943130171262 324.615262981674 512.9358066407854 
11002000200000001000:152.0885978976571 468.63489522250336 396.0868486041685 206.17549077104562 150.35329446101258 
11202000000000001000:88.59754597543814 440.823651084533 194.159791171062 326.2361693158928 242.16589616905142 
21101000000020000000:193.35454954838718 51.85985538461541 270.50248643478255 110.12921865 86.96386624553571 
12002110000000000000:3.8298321967721267 63.56885360294116 133.35589688887376 185.16672981674824 275.81069460450686 
00000000100010002120:96.88557571945586 142.66371536770825 80.68106795119229 24.501807987269185 158.28182130198397 
00000000100010002210:105.51164639105885 206.20451336039926 240.69319628533881 353.3596245037005 93.98594601751249 
11200000200000001000:18.866925000000002 162.24812609984284 440.08313869796046 289.912307026456 218.4016524345847 
00000000200012110000:216.4487237740385 114.32757826345735 242.92983219409234 0 191.809999061039 
00000000100010001220:-1000.0 291.12413307068437 -1000.0 -1000.0 -1000.0 
20001200000011000000:157.64176894007554 49.43331049970046 413.1302808409157 50.936109797872334 94.03035667544023 
10000000100000001220:18.255194203821507 205.81083988957795 122.25150760493536 147.19925750016594 10.227956738120403 
00002200100011000000:579.8881744873876 692.7494864137311 511.57792247992035 524.0604773485206 544.9463471774872 
12000000000021100000:37.3565115 239.4194276729496 422.6006962158034 0.0 342.35736419387763 
10002100100000002000:188.69917945393243 160.8707336551356 283.0933594665283 233.71856370009286 507.46196658734283 
00000000211020001000:721.1446472724525 719.9883148476672 145.10341757657017 459.5773292769222 216.27810623215953 
00001100200020001000:110.35561142146729 187.1962643181377 429.11319418987426 323.98294374822905 128.54315535389094 
00001210000012000000:423.83952579625225 229.23432292720884 679.2657918121719 120.1936708406188 508.4795804970821 
10000000000011202000:36.09951224785715 310.9827124546397 146.51371575732009 16.396380170689657 145.48185626785835 
00000000200011201000:143.47978126732713 221.01974221167774 373.24930508751254 220.28988761796018 17.84219192576936 
10002100100020000000:271.42952888231446 283.1222055450529 274.4973016901787 522.642856768202 242.16832480638442 
00001000000020002110:51.97475012019231 31.62612247826087 33.76779851819632 309.24038590948527 0.0 
00000000100012102000:367.98829422838924 236.48375602765395 291.9110837453045 139.94988651912024 298.66352177051033 
00002000000012110000:181.5708601758231 424.1015732385827 190.65419450939103 0 125.51468544386304 
22000000000011100000:-1000.0 -1000.0 -1000.0 303.2504109635676 -1000.0 
20001100200000001000:311.95689854520435 240.53968600361216 394.0965097437657 96.59777186663828 110.72991344771025 
21001210000000000000:19.812292706250002 15.148320589285719 93.22077854593408 65.87827475310752 265.7964226669616 
11000000210000002000:295.8768256470402 722.1188651589875 390.960395182079 648.5514923412125 361.80971948867796 
10000000100000002120:42.29299972962566 161.92250002413851 88.56250463530381 193.76264492655542 210.53910567681453 
10000000100000002210:78.6515828930088 224.39308251898117 312.1909707734755 199.46473202537854 127.85841945219384 
00001000000020001120:231.0590597797961 176.99315257346134 236.3057013496542 452.7953918145095 116.05268879837347 
00001000000020001210:318.84561388395457 490.742873314342 295.4096250776338 602.6861498507404 323.5871400233025 
21102000100000000000:17.748385875 426.37837578125385 301.2415687260571 244.59993172940847 101.63705613469186 
20000000211000001000:366.96577500000006 734.9078351519488 70.78888928571429 379.8748922884615 254.34555882352944 
20001000000000001120:450.4285067683138 91.72793983885717 188.5529717468954 144.00256341269136 0.0 
00002000100000001210:246.37902836646592 682.4811893384397 449.4887847074598 337.0456800695981 251.58724075906986 
10000000220011000000:347.96191133685124 334.7177318233395 612.969954091232 452.3724959170976 355.2272298827169 
00002000100000001120:115.67432702140665 275.91896353801707 257.7897120592206 321.2375754012433 80.72929256398254 
00002000000011201000:286.4676377453025 555.6999636445123 250.88155753711447 172.71225413897668 219.86779413892643 
00001000000022101000:247.12234522379973 552.2477243915699 220.95511155105675 207.01407485760117 389.0737519567806 
20001000000000001210:419.71565030726424 236.5714029892371 265.3962175874553 268.8318876153876 33.83410037509227 
00001000100021200000:226.67863659191616 61.84016167206908 89.70127430370003 50.99549089658205 80.20067066263685 
20002100100010000000:573.6141984130373 176.23102210331712 267.18911594119203 228.77569603976943 171.85812492876872 
00000000122011000000:221.44848814933755 96.65281833113413 53.4988022544643 0.0 97.12584386393583 
10001000000010002200:-1000.0 -1000.0 578.7364846709655 -1000.0 -1000.0 
12000000100012000000:-975.1231472904761 407.19168762047354 -1000.0 -1000.0 -1000.0 
11001200000000002000:9.516694718178472 54.58457699629122 71.03868315837789 138.8060542618985 306.7007644427334 
12211000000000000000:0 173.94747426535434 147.6901043109687 254.37833820564504 9.692178809758829 
21201000100000000000:100.97941415784078 32.68723926294479 223.10978560602572 204.97955072303932 90.84410047191103 
12110000200000000000:0 159.9733912932692 476.78947301916446 127.03012728447248 380.94967149642866 
12112000000000000000:0 476.9961489706759 175.55908143403386 188.77766297910912 335.8944089882756 
00001000121000002000:299.95351618830466 348.66336076689583 98.10209604770435 263.9585731554644 504.30779129866903 
12002100000010000000:47.690064813216615 23.315924034908466 236.91547026208156 47.717424317268 124.34378907326662 
11000000210020000000:338.86642265652745 677.1948105872332 148.63811614206998 372.3463789445607 731.4809392429536 
21000000000021001000:347.91980938817443 693.7607445603309 730.5341244414197 379.03070123413744 398.7726771375937 
00000000100012210000:15.492722074862638 340.26778954707925 71.98212349565217 0 18.117560336250587 
00001220100010000000:-1000.0 -1000.0 -1000.0000000000001 -1000.0 -1000.0 
00002200000011100000:-1000.0 -1000.0 -1000.0 576.2858816924091 -1000.0 
21000000210010000000:29.153941713780554 120.02974302888204 126.69441767739004 192.79805810088467 27.738508559520692 
10002000211000000000:176.78747832794582 462.0284523425259 0.0 513.3027381152754 672.3070025141617 
00001100000021002000:46.97084431491539 59.30721034167574 84.34382688644102 33.4246019957523 249.38193696408345 
00002000100000002110:88.81103243008654 234.09917492371142 386.3420624370718 309.55910770437976 111.60378281249999 
20001000000000002110:207.84128571428576 87.13671101904173 168.57178990384617 21.947239285714282 20.2145625 
20000000100010001200:-1000.0 421.93067866913526 -1000.0 -1000.0 -1000.0 
10000000100020001200:300.44406919722337 382.8594531452434 417.9867338560918 676.9997139041797 189.2296062382899 
00001000200010001200:334.3518482488668 437.460598508584 653.9489873935624 408.9166347418676 146.54841625064256 
00002000211010000000:56.001002266483525 354.7947949766953 1.4294583482142857 50.79202955357143 16.880122285714286 
00002100110000002000:133.2274366083139 113.19357556899848 346.26065547994733 122.20714744774504 230.11156268757279 
00001000200010002100:181.93522701261364 247.0030961613515 602.8639135927131 340.1987736238032 212.30196160918783 
21001120000000000000:57.81364875 38.326248984375006 132.56352551020407 279.776276376862 62.4217029780274 
10000000100020002100:124.90481012002654 167.72148598004378 244.23166466602356 462.2128965743933 177.38512599427736 
10000000100022100000:332.9525895292866 200.03504322939696 421.0904460357236 114.64772222951403 200.4837057312119 
00000000110000001220:26.5497427381487 71.55503142058095 0.0 45.06378701974634 0.0 
20000000100012100000:361.6942604680454 323.9689836854188 454.54218524451085 166.22221167610465 303.11446851029183 
21000000112000000000:25.708418540357144 233.16971027886225 1.588955806015038 181.3178003687318 138.70258196058973 
00000000221010001000:135.40299457397154 129.52343963308797 123.2957523722101 434.3967501726295 349.2828448507346 
10000000210012000000:18.465516304866014 95.147491609278 34.433430574050334 36.72764879303197 139.29134110244834 
22101100000000000000:135.8808408281979 67.07301083429651 24.601708682032424 50.36567366960929 44.33294473185818 
10001000200000002100:239.6410777862342 175.34661737058502 563.3494732371925 182.8315971701356 160.92786471214833 
12000000000010001200:29.68820084615786 231.61140017589676 265.3454028393766 223.94542545868725 4.900476439903847 
20000000100010002100:534.9117240146811 214.42484561313086 200.6830127914385 215.93783193736522 102.7058418736548 
00000000000012201100:35.33767647898351 248.08124743771802 53.589151722857146 13.585572141428566 0.0 
10001220100000000000:-1000.0 -1000.0 -1000.0 238.81126644644178 -1000.0 
11000000200021000000:492.77376417069394 699.9087753354084 418.349287290868 85.78457104959149 692.6713422592286 
00000000110000002210:77.46121969703613 83.55512701047836 36.22288769886008 89.20088315012335 8.697255830496127 
00000000110000002120:60.421248390148364 52.82547919769711 22.090197279671056 116.37945068358843 6.692691960974369 
10001000200000001200:205.27833944427667 338.0508792985788 713.839762931118 296.77487808716796 119.2881263638735 
00002000100020001100:308.15091116907246 538.1532263257869 514.1860142969331 519.5230330208848 292.7161296536954 
00002110120000000000:161.83952075623856 0.0 77.9557889202475 82.97756904425358 255.16975454528716 
00001000200012100000:261.2637190380622 493.3294875983234 655.434637090153 284.9800128406368 345.7107057349353 
10001200000012000000:-1000.0 -1000.0 573.7503537065594 -1000.0 -1000.0 
21001200000010000000:39.4430581877853 9.674492643249778 146.52088535316147 431.9243835006476 188.5144549528584 
00002100110020000000:139.3975904575477 118.73301248449334 129.13051358631282 371.98169555535355 131.83471810097316 
11001200000020000000:100.93532019111868 202.75548205134746 227.7379256952317 371.95108578748227 104.99089727902896 
11002000000021000000:464.3287837251241 453.16042203577524 695.0889209515624 253.4531957266702 695.7660643810259 
00000000120021100000:249.26255633988197 120.2833996321978 14.953868509722838 41.584242857142854 55.223475921912524 
21002000000011000000:68.45407870455847 406.7476359613042 102.30195166431213 116.55160224715844 122.51574341282027 
11002200100000000000:541.7319630393199 761.970148039806 358.0135844844107 477.2521878999135 479.4735629839543 
21200000000011000000:0.0 68.61119760417787 23.914432719257146 0.0 0.8386155642857142 
21000000200011000000:61.70911998009705 94.79684042957967 335.3735853590456 123.03162817388889 61.47381384536616 
11200000000021000000:75.26479985357142 497.38131982712105 561.2900823287432 110.43399157489284 423.40119501709125 
20001000000020001100:305.0223305112579 127.6027067347554 136.7187252066798 373.686173241603 188.1466104611923 
20002100110000000000:389.0281470529367 119.63523009228294 258.0672136253308 149.68136796281036 152.8157736743828 
00001210100000002000:326.50376944644677 181.06113234898734 319.87592482561325 362.0314768909757 434.9646913722103 
12000000000010002100:51.68147825307704 221.45373723335402 321.4149482204188 187.99104962508213 52.781019050360584 
00000000110020001200:149.96778110938087 143.58605310405525 191.81105913836137 360.07603510279614 61.978387315445666 
00001000121020000000:419.28701036453793 565.1390238604511 165.67605412377267 682.8509464464544 306.7765073332893 
10000000221000001000:313.5587909151646 207.75202219718872 221.02132582135877 133.66309300302905 465.0226973661065 
12000000000012100000:9.011557750759879 239.72269914228158 266.22917343370835 145.9207318593591 173.81835181344795 
22000000000000001110:-1000.0 -1000.0 -1000.0 -1000.0 331.1824243864968 
10001000200020001000:306.4530747191729 366.315805580974 611.4362328075728 594.9937869165735 279.3930381045277 
00000000110022100000:145.6904908456836 107.43552384199705 218.81400914880552 75.75341149447055 52.467675795923746 
00002100100021000000:106.8424972322413 108.01321425974153 170.1088505723797 58.5987879281454 96.91549491117875 
00002210000010001000:231.5238836534223 137.65739514903302 205.5857281084765 479.95230627213573 269.18357297416014 
00000000110020002100:100.97968001530167 152.68819419099893 155.85132244113615 349.42425587229377 101.11228109822866 
20002000100000001100:496.3044358641378 424.35517051936915 316.1005819394507 284.73256431012464 159.35373824023605 
11000000122000000000:0.0 164.8079887057788 11.40473829222973 39.99590269861522 33.542683559438956 
20001000121000000000:553.7927741285079 403.6367390555084 58.15015084395563 388.6158459156311 293.7780189853649 
00001110000022000000:-1000.0 501.7188610375461 -1000.0 -1000.0 -1000.0 
00001000000011002200:284.422755406073 211.0155450302023 274.1512458503275 191.07373927034018 654.1789172517528 
20001100000021000000:236.7964377478241 369.4332353747425 87.09428354984802 71.69616738100653 45.76346532569718 
00001200211000000000:46.678351072375676 0.0 0.0 164.73946233677972 30.940253734370305 
11000000220010000000:443.4640215986145 382.0590468263308 599.2965016346312 380.74210649247476 384.0874795947026 
10002000100010002000:287.2502015516251 610.5462669305094 397.76027826977287 379.4991887299738 571.769527736229 
00001000100012200000:-1000.0 -1000.0 -1000.0 -1000.0 -988.4572161943432 
11210000000000002000:0 435.59091346419257 313.79410766203176 328.5096224573483 110.99605773845107 
00000000100021002100:47.52693051147243 223.0533339246814 93.40981958670756 22.048102596880696 19.395831012038933 
00001210100020000000:432.2351261066741 182.38861802621963 582.3043733219408 681.0844849610735 420.86257949945986 
20001000200010001000:531.7334309878137 284.7628389931444 614.0238654190575 323.9872784387254 336.612047031306 
10002210000000001000:455.1632907226468 82.91309029782073 247.9203393703757 194.1409911266581 199.48962098815124 
12000000200000001100:61.81911870220866 168.6435136817364 410.4662535472731 228.3124316415754 117.18565650000002 
20000000110000001200:174.9269439677986 124.55384998122767 211.38998162995037 144.1305614804428 20.275978634208435 
00001000210000001200:140.5150796727516 66.38400724633925 24.853907473529862 122.21247435625297 13.566284461753877 
00001100220000001000:424.82203383313083 352.1702439118399 570.8232244106082 436.56478487739224 354.0602923822466 
12200000000000001100:0.0 171.89769131293193 79.24257136488971 50.22602309206892 0.0 
00001220110000000000:16.51947718644616 0.0 0.0 99.84558397973217 7.5256676528176385 
00002200000000001110:-1000.0 -1000.0 -1000.0 -977.5925472690587 407.8480816736569 
00000000100021001200:85.96096819844576 301.7334288407481 119.21468057583309 101.97584730806709 71.3230118121065 
12002000000000001100:196.47310482279858 465.6871103258867 177.59342473346274 214.81062171137177 130.3998608954338 
20000000110000002100:413.1723960252681 176.4466061981453 146.42807665803068 108.77475441081123 69.68783112599365 
00001000210000002100:123.88848031749204 274.92224569385195 126.63975674197593 125.03015804031578 47.92274882139448 
12101000000000002000:152.62043340537917 264.873182177842 290.23539152756297 206.65260352999502 200.38187052679783 
21001100000000002000:33.103159953029525 154.22584477935027 98.26411773194329 145.30887970050148 229.05622361324765 
00002000110010002000:215.10518676444758 438.18329252092883 419.8710392204738 246.17070048122457 305.2489303048747 
00000000212000001100:261.6102085830807 315.1655028180804 0.0 475.6990292506583 29.581719436739597 
00001100000012002000:179.12726052845147 157.5867137778649 338.7305424921175 43.212857483761276 174.4171753244418 
00002100120010000000:267.13353105603125 104.69468958288243 150.67127102910464 201.93767002500627 300.1335787606674 
20001210100000000000:505.3467121038175 30.993660674128794 407.5449068965641 369.30482285776515 315.5678901498251 
21000000000012001000:61.3760487123067 191.48073441154722 270.4746497162914 22.3232304740875 402.7184804881218 
00001120100000002000:167.77361200571346 107.30761775735297 129.38493474015746 257.25300433749345 179.98380525399364 
11210000000020000000:0 204.1415545918254 194.9219471872523 470.6757360926916 340.16664272417717 
10002100120000000000:240.7423723610624 347.80178955560467 179.18535414849586 270.54835501293144 268.1743123559457 
11000000000022001000:345.38173828117766 501.70184634476954 431.44403352442754 592.86247131921 504.9932539328193 
12001210000000000000:149.41611690769878 154.73236994426767 392.98442739147396 548.9289141220721 281.456091927846 
00000000120010001200:-1000.0 643.9169348134407 -1000.0 -1000.0 -1000.0 
10002120000000001000:172.17945904767294 15.951720657966385 173.16452669863256 165.65838726874725 80.39221850638866 
22001000100000001000:-1000.0 -1000.0 -1000.0 648.2956016001474 -1000.0 
00001120100020000000:431.3957656377746 53.92475196428571 259.7346186768848 534.2943776022088 249.79401630698558 
21210000000010000000:0 48.91835180925001 85.2643709643769 30.6018895188354 5.165167253785203 
22100000100000001000:192.5044292434547 326.6734671957744 382.2454643335914 293.3650467761276 89.24557626119035 
00002120000010001000:70.80929880213003 3.1902616483049044 64.76626608957245 115.87505990578357 36.82483803803516 
10001000000021002000:114.19099754744809 56.92978657342587 154.54373514110512 55.20174312336632 477.7804943043695 
00001000210020001000:190.91678502469273 230.38019433792766 239.73753427249494 507.4970127457723 133.28234546005476 
20000000110020001000:432.40584673498483 114.26795169410647 297.33875503876243 463.4253285752893 111.04204947662262 
11000000200012000000:113.5106190425873 166.90354698549686 405.678054285657 68.65409560213233 190.66698638925638 
00000000120010002100:193.43460373743983 401.77407457311654 148.59003939521773 291.70870834543734 112.22370678829397 
12120000000000001000:0 317.3908514965032 77.43047986352619 142.6428223432812 81.55784964130436 
10002000110000002000:164.86977261650497 416.51383810088066 295.14231110077185 157.134649872195 298.0934491784472 
12101000000020000000:290.15640004302037 482.4701229375097 234.23441832283797 577.0702874174549 227.171538485325 
10001200100000002000:-1000.0 -1000.0 -1000.0 326.5930172227964 -1000.0 
00001200100010002000:516.7358852126458 -1000.0 -996.3057636888159 -1000.0 -1000.0 
10002000110020000000:149.2582696805371 473.97424157196866 249.44981683797383 428.43535157628924 158.99218060666684 
10000000212010000000:33.33876397274731 113.31940218966422 0.0 27.4151792035781 130.16246151712184 
00002000100011002000:253.81032381959048 518.6552823950941 162.89064332878317 336.7883246739736 322.48635693555127 
00001000200021001000:191.9357422085997 133.0657209091876 500.31956283842123 56.42651932279939 147.6063944341631 
22101000000010000000:8.490982588392857 306.1792667609395 108.1653799356585 166.16964399204338 166.9534292052912 
00000000000021101200:298.1286870452563 516.4088797357006 292.80297514405464 27.093733615384615 4.002483375 
12201000100000000000:-1000.0 -1000.0 -1000.0 315.5941654084152 -1000.0 
20001120100000000000:389.05226681790003 57.801856921875 240.2963324227109 255.90738930030605 122.68546125264 
10002200000010001000:681.019234677912 711.6184441707569 620.8766254144317 716.0838104980689 662.5274586970239 
12102000100000000000:316.59790928361974 638.9914976199443 571.1406817629162 268.8090995900882 296.72049956939304 
10000000120000002100:246.9364106688778 394.474432025505 80.24610070908905 248.86015813675735 73.86654885537563 
11002000000012000000:214.776496313796 411.81763800280174 171.5203116281465 67.2242302988301 128.33246529573972 
20001000210000001000:478.48263016728947 177.1514577255213 132.62069487193565 163.98658947185803 101.85203674100457 
10001100000022000000:235.27731046859193 540.322709551419 281.9344255869564 533.4962588005728 463.6338616804593 
00000000120012100000:339.97852284241054 462.9958188476104 71.52808312858055 93.46411310439561 399.9781763836735 
20001000000011002000:316.6370912381609 121.72310383613225 175.5353479068045 218.27616730436898 244.8989095442911 
00001212100000000000:29.252213679606626 0 75.0633048932496 194.00256236775996 164.6798486910736 
10000000120000001200:251.91686571070977 511.51175009125893 173.55141890097522 404.62235389516377 218.387404146731 
21001100000020000000:112.02917600592988 336.98861648587075 107.43209207125477 243.88803363356496 113.4571951701135 
00002110000000001200:210.03401225812507 0.0 116.41949521744392 330.0743025444571 11.43566678571429 
00002000120000001100:302.38733107974036 580.258042116128 106.51549000921648 508.40947485445906 330.4342191333706 
21002100100000000000:45.064158284602954 104.70633074543737 124.89206653642935 268.59854760801323 114.70508901405398 
20001200100010000000:-1000.0 -1000.0 -1000.0 -1000.0 503.6913142424161 
10001200100020000000:491.63309664714205 220.99429130223103 685.3036988233356 735.5804977029286 266.91748854339994 
11100000000000002200:48.70597037099189 -1000.0 -1000.0 -1000.0 -1000.0 
11000000000021200000:45.65336003081633 254.38938121233747 56.622997493784844 0.0 254.90748121324793 
20000000100021001000:484.0396616443114 219.67480388454183 194.26920843794665 158.65255150360102 88.29077014058382 
00002121000010000000:44.4005844044786 0 158.85131928963193 60.890128474690876 12.668564196517115 
11001000000000002200:131.05790541109178 287.8316125347779 232.37969491919378 386.5052909721578 599.9238521295314 
20002000110010000000:407.90099927685065 384.40725416822 479.6840331286796 280.3293770520475 213.51029040871094 
00001000121200000000:42.02070593077058 72.5537012946429 0 174.2146571936406 92.20521954301296 
20001100000012000000:232.64136683224103 6.650124628833637 75.29824188086324 53.86273536047531 147.03982847426343 
21000000000011200000:0.0 183.105386378242 35.74326234953572 0.0 12.015143423839286 
00002100100012000000:212.5600311426507 152.08978077958884 197.65601626032318 88.59789714815042 428.62550254587114 
10002000100021000000:255.09078350235887 550.6683572645651 218.02216865273775 356.0687312261858 203.08295545085002 
00001000122000001000:-1000.0 -1000.0 -1000.0 296.1288995123179 -1000.0 
12000000000021001000:20.806083241817785 185.78722628163862 174.0906478833001 11.537111555802843 23.115005006350074 
00000000100012001200:-1000.0 463.8239676405278 -1000.0 -1000.0 -1000.0 
00000000100012002100:186.07205012925294 311.2229087307571 334.4777374184418 163.72404176902984 26.395186877357684 
21000000100000001200:48.38614359555002 245.87019841320708 322.46556904617154 186.00688067618697 69.44588192906475 
00000000212100001000:212.37877162706053 435.3744998299878 0 310.3691015373627 11.848621419642857 
00001000220010001000:613.2477525567002 700.7731100734788 730.2066338675342 699.6290687454257 648.8861197551169 
10000000120020001000:519.1547634369929 392.22789949857474 151.06853714804484 718.8182212667 451.2547900229524 
00001100100000002200:313.4740301474694 200.92175751889118 254.1206238233992 415.36237599086843 647.9472994750993 
00001200110000002000:177.38635222238582 26.564737160682448 392.28126257316694 192.69051948751124 144.28211691022526 
10002121000000000000:143.2165561100845 0 139.92328829371917 178.3851938780616 361.3133540673829 
00002110000020001000:688.019086728724 43.798218750000004 689.760366237369 486.9677283944869 216.82986240535718 
12000000210010000000:29.699197366975508 57.07070271700083 25.331580767737627 19.88510230024779 120.31977054907529 
00000000111000002200:-1000.0 -1000.0 61.87009077541623 -1000.0 -1000.0 
00001000000022001100:373.86173424200996 360.0290148882156 365.57398616346916 634.2059511729778 457.77212631172415 
20002000100011000000:433.9021052169846 587.7457315134509 216.45777312544604 254.188164657809 267.25124221423755 
12001200000010000000:-1000.0 -1000.0 455.0415824898719 -1000.0 -993.8643515411732 
20000000120010001000:-1000.0 488.7564162442508 -1000.0 -1000.0 -1000.0 
20002110000000001000:422.26904048722406 199.4792851967143 561.626474751362 688.5774566209834 320.1808079329973 
00000000000021211000:331.3491246344851 317.28677739877367 435.58821613038464 0 67.6944762337728 
10001000220000001000:650.5769409567799 669.0695577761837 693.1391871853541 644.7943224013964 701.4651543306348 
00002100000010002100:127.69871787276006 95.35500959741745 63.62757438246869 103.95355625577294 206.2679834139009 
10000000000012120000:114.99316653334317 166.30179955892586 156.0941534794623 0 70.96129172504472 
00000000200011102000:-985.840134196041 -1000.0 -1000.0 255.455948427604 -1000.0 
21000000100000002100:45.67224858759833 82.33713154830352 93.67919327228637 160.13422137612898 18.02692102336844 
22000000000011001000:564.1277887935687 290.32045122378906 320.58126306494484 279.00129533456504 183.06780166011524 
00002000000011102000:-1000.0000000000001 -1000.0 -1000.0 259.44389981179063 -1000.0 
00002100000010001200:158.6905507852496 32.54693335833989 117.00442821258086 79.98808657515146 46.384673092226954 
12200000000011000000:0.0 27.87349437857648 117.17736310647324 0.0 0.44221811202046035 
00001100100020002000:211.78618541176087 223.92598345479402 289.4122821235672 428.78699027606405 433.8349645956433 
12000000200011000000:128.44548584343588 161.85341262903157 304.883472989233 163.55748369528658 86.83349352422589 
10002110200000000000:132.1655701253343 34.55957611755001 629.0567888063384 481.4811171669075 678.3342255656069 
00000000000010001221:33.0090503856631 42.754880567013345 34.19686251660938 177.76538774924305 0 
00000000000010001212:105.2451124973784 409.6995151551001 178.1814460206896 291.1859598214286 0 
11100000000020002000:538.3716734151446 -1000.0 -1000.0 -1000.0 -1000.0 
10002100000000002100:285.1910359792847 398.6693929299225 688.6165835914418 675.489240140513 255.12819689826748 
11001000000020002000:125.96157039608582 98.98316506534037 178.03060429169267 423.16462989871974 371.8273880367539 
21100000000010002000:0.0 47.56811708891602 28.791449759531247 84.84293125 364.03874774254103 
00002110200010000000:114.17410300133196 88.01978893692235 467.10307933149164 181.11112320755785 157.39874827553405 
21001000000010002000:24.1682409254322 191.84457416236302 152.77205040549362 180.69774587145045 564.5256122639556 
10001000000012002000:-1000.0 -1000.0 444.5666992298842 -1000.0 -1000.0 
00002100000012100000:121.5957739554439 95.28031479694121 77.03732095161973 51.79119971479648 190.95901640834816 
00000000000010002121:78.82801541929815 119.27328029788535 63.9552574310607 24.68183198000687 0 
10002000120010000000:475.8024992005405 691.5967826533067 301.1354255979756 541.6437791276081 423.5270169773771 
12002000000011000000:47.495908453494806 332.6384155046734 181.73677043755873 125.7131025302571 87.43523297742077 
00001200110020000000:265.117547346109 85.8008373181287 452.5973596889138 387.76251534270773 179.42902190952796 
00001210120000000000:379.543918589387 88.33252079732146 37.88375917550222 647.3091408528966 312.7143305798037 
10002100000000001200:36.79448461041369 65.57849893093287 94.83201335826028 178.59104971039724 11.054828526923082 
20000000000021101000:316.33141284864604 837.4503038185741 667.1474295464166 251.63738758125 369.56030694530375 
00000000000012101200:232.55605137716876 591.6249405826525 406.70141149768995 274.3236614216003 189.30177403688407 
00000000212011000000:295.36785852314654 88.34304294913308 14.01246815934066 93.3936361333819 48.43862879625001 
00002000110021000000:142.77074127271 387.9943660307876 266.2565595221409 143.8701581303613 188.05522628822132 
10002000000021100000:258.8501500615771 550.4873402697912 404.6513535412504 64.40104654054055 641.1340475066307 
00001200100021000000:399.7696601655312 172.07586434079386 189.64582857120126 81.31342813704579 182.23430083390082 
11002000100000002000:217.52322156619425 509.4997148425461 288.6893099100599 315.4192823080279 426.5933688135088 
00001000200012001000:335.0409361804912 528.385631659259 711.3111170192002 273.8192677814441 395.02868252057607 
11200000100000002000:0.0 176.06044318279115 77.48458943527682 258.8489210015464 73.0105530139989 
21000000100020001000:74.600552318585 258.0649513148192 263.02018236535736 591.021556555288 189.72577176738417 
10000000100022001000:754.3202869775553 616.6485113816408 707.7237314543437 737.8520380855106 653.1778972590382 
00000000111020002000:-1000.0 -1000.0 115.69574425654332 -1000.0 -1000.0 
20001200110000000000:225.13042145746903 23.171569262385038 391.5017642852549 239.00920446705902 170.45027567207327 
10000000200021100000:279.76044318749996 575.3224724273032 398.1548905714286 0.0 578.598411932773 
00000000200011210000:155.90925165734492 181.38569620602993 298.24749138822835 0 105.63262378103123 
00002100200000001100:694.2808836657057 232.55801965327043 408.6827353087345 666.2717755590312 485.0967309616822 
20000000200011100000:-985.4585008475486 -1000.0 -1000.0 302.9270606029603 -1000.0 
10000000000000002121:46.9322324296852 176.177333647706 353.53979070388414 185.46504184437313 0 
10000000000000001221:3.770455353260869 48.844882463142866 137.45971618986624 62.92907894355944 0 
10000000000000001212:220.46839199536404 169.1063014121703 133.05306820690922 336.3066735389846 0 
00002200000011001000:479.633607008036 617.1950833376325 403.95312825067464 551.08822219675 412.57730969872046 
00002000000011210000:177.42991993577962 437.03392734330106 228.73230786617904 0 182.01508736785576 
21201000000000001000:63.25379672657051 12.464034214113406 62.79704192765698 160.1236683999462 43.85591491834238 
21001000200000001000:82.220419263107 113.86738153313813 463.3243916434405 185.2078464612567 194.63105828308377 
11000000000012200000:0.0 2.018058844537815 9.779997857142858 0.0 31.23528391863739 
10002100000020001000:194.02348135344886 182.99085123192611 164.9218277900019 530.7017248763145 147.4211828840575 
21100000200000001000:240.40316732142858 647.8575350869567 439.1873933736546 754.5457137883137 427.57303468581955 
11200000100020000000:133.66424329934213 272.07614147019416 273.47434154450906 479.3107118773829 150.80789885470173 
00002000000000001121:456.09552289967235 301.0345124375833 444.5447952244627 542.4905402766027 0 
22001110000000000000:-1000.0 337.9166292179741 -1000.0 -1000.0 -1000.0 
00002000000000001211:277.69664409324747 379.33070326530617 431.25522359927953 144.45855677720095 0 
00001100221000000000:248.3597463239943 101.58662374776345 70.89992009689131 42.60800124860649 50.36020914570174 
00000000200000001211:415.5660068998763 337.43536011046854 276.1913756741071 403.8577872260469 0 
20002000000011100000:-1000.0 -1000.0 -1000.0 392.8708455189554 -1000.0 
00001000122100000000:146.3607246985784 95.47113374419837 0 316.3713340807276 231.61852214319788 
00000000200000001121:343.3099344185642 431.09523085162516 348.5206464818203 412.8142439029525 0 
00000000000012102100:125.1795517538489 129.75363247603192 222.26658071610873 45.79010884896293 10.104046919999996 
11002000100020000000:258.4172176570382 444.84228566739785 368.70135530943116 469.63036450417616 293.7507248559629 
00001000211000002000:31.006401152230115 28.970174563979278 0.0 33.469167183066325 254.74841589568686 
20000000100012001000:-1000.0 424.58975417689925 -1000.0 -1000.0 -1000.0 
00000000120021001000:235.13117838701697 237.61803523761708 128.26838775349103 301.4642919379514 124.54346321070551 
20001100100000002000:355.6502861614358 198.68779807443514 228.74987746143452 177.12583520815303 251.61669489172263 
21102000000000001000:154.66665789473686 345.66697946600374 586.1363343249964 299.3675565303273 372.0101353195228 
00000000100011202000:182.49867109964083 313.9430582646973 46.67286827979061 0.234812358 132.20663362644157 
21200000100010000000:1.8013875918522264 178.55056509647417 21.502571027960446 86.41546971817905 33.957133228482505 
12001100000000002000:23.834768679987537 47.96548906648351 127.45947397075258 109.22824916671762 173.43075352144032 
20002100000010001000:483.80899294299957 50.40351041064181 150.29505068578126 142.11330860856046 127.24606982819265 
10000000000020002110:163.7151352941177 805.3744753417204 671.809940373 276.9963681595982 356.4000000000001 
12000000000012001000:195.12879222158435 429.65164438004416 300.8983732221064 211.81376934994736 275.1645052200001 
20000000111000002000:-990.990990990991 -1000.0 153.84477528818732 -1000.0 -1000.0 
20001100100020000000:309.25420720286144 471.1168153480687 242.23672534399182 407.98192762443045 209.05084864495277 
00001000000021201000:136.2902200437118 34.49445181469808 58.730454279697156 17.54265502570755 40.17890653154856 
00001200120010000000:-1000.0 -1000.0 -1000.0 -1000.0 -1000.0 
21002000100010000000:180.21197832703513 544.0573427007809 291.8629972036014 355.3055118189312 220.95289594223496 
10000000000020001210:288.48224973435026 252.5674648301655 314.65466892362036 597.6245252507935 355.2866078137227 
11201000200000000000:59.68108928571429 126.36343978794642 467.93339164442733 231.75986436241587 105.9931347420804 
11102000200000000000:411.40262250476724 -1000.0 -1000.0 -1000.0000000000001 -1000.0 
10002000100012000000:396.2452699532013 770.4769133789924 553.7399329973573 295.1432504111348 403.4825017855511 
10000000000020001120:148.01308042573584 275.7615603438109 261.18316189842426 529.2408941988468 235.6735427984965 
00001220000010001000:-1000.0 -1000.0 470.3913897047169 -1000.0 -1000.0 
20000000000010001210:402.3494467599276 248.37534702527608 305.24746118473945 239.69700932783743 81.20001782297993 
20000000000010001120:260.1578999464703 89.7671158643236 224.2484323265862 77.42408461071429 61.69484475 
00000000200020001110:-1000.0 -1000.0 -1000.0 -999.9999999999999 716.2286938958466 
00000000000012211000:11.19349972436975 142.4837948430451 148.36495117196236 0 67.02569440875 
00001000211020000000:135.87653406063632 146.08685349528207 42.150205303487446 510.39451503647064 38.00695751693396 
00001000100010002200:635.0211740940996 -1000.0 -1000.0 -1000.0 -1000.0 
10002100200010000000:193.41673334884598 136.85425481005302 481.47250387190064 167.49666482398052 187.24648104339002 
12210000000010000000:0 136.4367487139779 197.2355312579887 205.99363001661132 6.948990029902129 
00001000200011200000:141.24551233321318 328.71177830261576 497.60917198736865 206.90592464530104 151.78137371588969 
12001100000020000000:66.39927932856413 233.4951211624431 134.31300943471345 293.9848594466787 140.8954930914034 
00002000120011000000:246.9102071917051 536.136639455753 179.53982555377274 263.4082234580483 174.1922914893042 
20000000000010002110:316.949797660008 74.73262499999998 42.469833214285714 90.121910175 31.917730263157893 
20000000111020000000:-1000.0 -1000.0 271.84964784413506 -1000.0 -1000.0 
10000000100021200000:44.570611300580346 372.648647872359 46.561918788887404 0.3146606426886793 91.0206873662606 
00001200000021100000:86.0385424858022 103.96060714285717 227.40943337158203 101.62605315789473 44.92125000000001 
10000000000022101000:278.9788171015367 258.38691385189173 193.3498479240085 128.8461400513678 340.9920545196298 
10001200120000000000:-975.0999133422399 -1000.0 -1000.0 729.1253260754359 -1000.0 
00000000110022001000:474.40806278432325 516.7886593772326 576.3733755564637 597.644692860386 378.86783427439616 
10002000000010001200:333.02740400522805 659.8229460471327 298.55736812819873 360.1273222897116 162.19454563690977 
10000000121000002000:292.7494662116525 242.45154482936044 59.32732575076399 275.5794708307601 479.39941388110014 
00000000121010002000:264.7790307459167 223.3216613320954 39.590914476322126 278.154376222918 473.09256004981273 
00002000000020001110:-1000.0 -1000.0 -1000.0 -1000.0 740.2236913438418 
22001100000010000000:587.2495591927677 206.15156185306864 305.35348550515437 210.0269872930391 296.93154143255987 
10001220000000001000:110.21930460381967 10.311254139600319 321.78827564652323 109.3169930315134 210.88735146040452 
20000000100011200000:176.84681322656212 151.17962432213943 52.60030746609377 102.1285180265625 200.41489967756058 
20001000211000000000:439.12470990009217 116.9769851133104 73.08745714285713 98.06830905325924 31.506032785956688 
10001000100000002200:-1000.0 -1000.0 -1000.0 666.5355627835299 -1000.0 
10000000200010001200:219.7957287874567 226.990334713326 591.6478207943713 342.00789238608684 77.30856911602837 
10000000200010002100:283.8441931366806 199.6655478821672 508.6585460766092 274.8789553584662 95.64487996707068 
20000000000012101000:251.55147311917858 311.39134058987736 410.6249879370329 143.153637686573 230.71081027223 
00001210000000001200:280.85547129990704 133.65689234442277 331.8511296691905 568.1388821264806 147.66604615067266 
11000000212000000000:4.7549502495 153.83541463008885 0.0 233.6183438609728 275.2739802712702 
11002200000000001000:427.0862656989516 597.2202675479289 455.50389787891316 427.1520566651757 488.96840285056084 
21002000110000000000:105.37041499047425 408.6286229961543 246.09712723563644 168.39697549434504 130.78921802683624 
21200000110000000000:0.3917774732142857 130.30441671290123 33.36034918660714 29.3823891500434 40.96925734152389 
00002000110012000000:279.8052397269507 406.54683425928414 527.1815606864558 124.8571771344414 253.44297437990159 
00001210000000002100:239.18835492361808 62.337790471540174 189.37436117712392 119.5649972338489 74.49467532716166 
20000000200000001110:-1000.0 -1000.0 -1000.0 -1000.0 441.2022346898529 
10002000000010002100:189.712279961033 531.1814058338667 185.80957300495734 222.1340565184066 206.53379770870995 
10002000000012100000:409.47692625077696 580.0960717372318 253.2822470282501 188.63525838499658 260.48039933519414 
12002100100000000000:28.197582061115426 81.8775684501332 232.72505438957805 290.6279027846098 185.98565731550025 
00002100000021001000:593.7270829729932 481.72972935182315 673.1512235330933 408.7166693497252 433.53750860385094 
20002000000000001110:-1000.0 -1000.0 -1000.0 -1000.0 569.5035844609505 
10000000200012100000:311.48464219738395 226.38327704320028 502.27628858474685 175.90734681846237 274.3572487039027 
00001200100012000000:-1000.0 -994.2196531791907 -1000.0 -1000.0 -1000.0 
00002100210010000000:24.255479159092662 24.95935068787214 22.332693979083757 115.36473189084937 141.0188730334581 
00000000220011100000:-1000.0 -1000.0 -1000.0 331.64866658496123 -1000.0 
12000000100000001200:12.293535854442858 192.01676234242856 358.32840587382185 208.7526002763697 15.926182091032729 
00000000000021001210:386.92091474255375 428.8303761948838 322.01712180399693 81.60791749785281 259.9849766424438 
00000000000021001120:513.6681812977558 590.2400709895226 547.8779555297098 118.35392277374453 404.8423989107972 
21001200100000000000:24.67366250153249 132.4800416104813 378.18832705090654 278.0240663450163 200.8041189092226 
00000000120012001000:-1000.0 653.3013309277285 -1000.0 -1000.0 -1000.0 
10002100210000000000:151.51471854346826 209.31836673308254 144.00342793604247 646.6027834079196 615.89651727592 
21001000000021000000:259.17286491635525 84.49830937921466 103.23584288304494 63.21215789648957 98.03957172634557 
00002000200010001100:186.75046961039064 357.60904988387017 505.2761604288147 221.01698444301422 163.0657093642544 
12000000100000002100:48.55304013588915 258.2113687465908 216.50093095837286 112.23089842952496 40.72513853608427 
00002100112000000000:243.9279255267028 95.93379620799145 85.02601905483169 154.57199300678172 364.34814640423053 
00002000121000001000:371.94504342080086 729.75966960241 215.47624193643705 272.37450512294816 461.6907533188167 
00001221000010000000:26.139680302451858 0 421.4537521130669 173.08430910896297 38.916946284575815 
00001100120000002000:231.4450440877718 138.2160411925677 90.49079191224791 348.8382002637682 223.7162628788424 
00001000110000002200:322.2861188634751 222.8071147366563 169.14885617824635 319.09278705987236 584.2209839387945 
00001000221010000000:322.8172553281035 324.07748664932126 93.15037661183972 329.1781229721736 197.23922469634337 
10001221000000000000:68.98037091076712 0 116.5476307013591 66.6814383167702 35.2887434078485 
10000000121020000000:395.83371305442824 241.3025300910922 101.3654447153658 703.3835606509799 282.4103876816309 
10001000100020002000:256.91498005132996 268.9108183614822 403.1748589510148 546.2456444333252 664.9281806237052 
00000000110021200000:120.5581272165277 121.63597016045192 35.125971383968796 24.36715285714285 5.996382987597499 
20001000100010002000:545.1391442018931 409.4236969604896 384.843631308719 436.0005301645979 594.264196448907 
00001210000020001000:289.8280333881424 287.7502822241128 268.89139223927754 589.1419349776091 379.86978294063 
20000000121010000000:571.8368586209822 210.20804566053548 36.16041667802107 428.49136507042874 264.6212933772907 
00002100200011000000:88.58932614574347 116.42888922459986 366.3426121031062 232.41490533594515 150.33962667967094 
00000000210010002100:82.61516174647915 40.90025146308528 101.63645183959983 180.37693271442666 31.491210896348434 
10001000221000000000:366.2333801629736 414.82655282435906 177.75791566726906 233.4178017857654 203.65066749320417 
00001120000000002100:65.26874437747072 148.8348243870968 106.49249603272024 191.63302310291533 0.0 
00000000112000002100:105.96922491023325 327.0222163955011 16.038560038424368 82.52436445452464 26.778837380625006 
10002000200000001100:169.11607993690754 402.5584739334037 354.5162893864515 250.2400467382225 155.57463793333343 
00000000210010001200:175.15349556131585 35.31775159009084 24.007259338103893 54.02364145501803 4.981678159651617 
10000000000011002200:145.73922504170204 310.2837051511655 281.801479619562 135.17614566895966 659.84909704086 
21000000120000001000:91.5242776789723 323.85121147281296 113.41859993896713 257.0033685687232 245.61967614742375 
00001000000012201000:-983.0324912601352 -1000.0 304.23298440945814 -1000.0 -1000.0 
10000000210000002100:178.89626522391697 558.2742217149518 393.0520070139328 684.884905993319 252.03699195674668 
10000000100012200000:-1000.0 311.68234897920365 -1000.0 -969.6969696969697 -1000.0 
11002000120000000000:338.51391912484524 342.7635526275881 165.0160870525011 508.73831057458415 294.26872531468524 
00001200000010002100:306.25353374003754 19.9754263443521 263.7577846878833 454.04625224961745 88.72462644810955 
00001210200010000000:263.8714463097089 267.0936720236982 629.5847671181467 660.708361146076 277.8529686266615 
00001211000000002000:113.79796540939434 0 121.19092868358175 143.1552997285267 310.03590934416496 
10000000210000001200:14.34961648873371 95.65028630683305 13.440031628409535 105.47307158882818 2.8709548297958283 
00000000200011001200:109.92559978542984 146.3995270309283 296.05132742728813 55.139782026923086 55.155388614162796 
00000000210012100000:242.7902690787479 100.10278473046642 47.98247914534073 54.516919030317396 82.36452561407057 
00002210100000001000:228.7514663759211 108.12412992793303 454.98887623048813 276.0471936327785 309.34333031825804 
00001100120020000000:270.8051465074443 323.55493376050026 166.33739469715204 412.54695520881955 341.15409881361137 
20001210000000001000:174.00590237136686 37.16607866279863 284.6508697246384 209.1913242925894 221.2163239732777 
22100000000000001100:0.0 111.91829910642858 252.40044257008998 242.9442925324728 48.60171218571429 
10001200000000001200:307.9299439856009 236.13679148699853 294.6661545505363 582.2590748137785 202.02436765662148 
00001200000012100000:470.7951878765442 43.36921060630254 541.3058312791865 81.38942547177989 449.4625675907485 
22001000000000001100:604.4943602653185 249.84969896615246 257.9700886227273 299.9712859027477 461.90136464204585 
00001200000010001200:-1000.0 -1000.0 429.7536726318981 -1000.0 -1000.0 
12100000000010002000:11.732446989349462 210.72940017270005 208.37384932798554 297.54346308760984 186.94921406798684 
12001000000010002000:-1000.0 -1000.0 428.7179162965927 -1000.0 -1000.0 
12000000100020001000:249.49419707584494 374.2235547030874 450.95284793328784 755.1184459557868 245.3354285682327 
10001210200000000000:375.91190839230353 188.0294835816623 546.5603780484299 238.6358063454257 222.56753863242088 
00001000110020002000:155.35022929389493 183.87087961720306 305.8569248465719 363.6927293348348 326.95867129597895 
00002000000011001200:158.93596751559218 390.6137764561933 195.19771979541798 192.85073076096896 122.25205199552356 
10001200000000002100:259.80044515002345 37.61896225943346 160.32205759289621 183.52622693930735 50.48925173741745 
00002000000011002100:136.61288222042077 377.501947215596 100.77617366555648 411.42012342686604 270.1492426069218 
00001211000020000000:266.2584655435859 0 138.13469843689455 593.682723230722 299.4467193531307 
00002000210000001100:714.4379273127595 356.022519750773 311.24689339718475 663.8022603563455 396.7269703821978 
12001000200000001000:176.92105287899085 449.03022325637016 674.7131073017631 315.4791193892406 193.9731905160371 
20001100120000000000:345.1552918884675 225.79956655015482 102.23650749468081 232.25662899798627 216.5296160992536 
12100000200000001000:66.9810985941101 193.6943514512849 543.7799455155973 199.17696491115998 233.87585710910577 
22000000100010001000:-1000.0 632.1132274994563 -1000.0 -1000.0 -1000.0 
00001120000020001000:239.31530935414662 41.215471481250006 212.64935282471671 561.0384416368058 135.7966588841903 
00000000200011002100:98.2525598879272 104.48358302491329 347.49437433942256 158.67236422878364 56.578362357196276 
00000000112020001000:367.0419020839822 297.62016076177173 126.30125795338694 538.0764076026383 192.03436202006984 
11001000000022000000:404.5393324008906 370.5760003233641 362.82486752093314 593.315132059534 396.18933791411627 
20001120000000001000:416.69948734556715 46.25918859375002 240.48236761682674 286.7439724652768 101.93031047937195 
11100000000022000000:513.8391053635575 -1000.0 -1000.0 -1000.0 -1000.0 
00002100000012001000:149.77809788651518 99.71234411893145 243.47952885193416 76.68798880076419 91.10822327363312 
00002000121100000000:221.45262309921367 521.7936115104596 0 253.24385387367266 228.72068483576606 
00002120100000001000:263.25851185233046 4.815294547866175 90.6821678840566 141.44269864825384 70.23237231062978 
00001121000000002000:208.13491387431912 0 131.67700636551032 130.22391629406698 28.976505025324784 
10000000210020001000:165.3207166578606 96.23663932798016 61.042813781895475 467.54901079089916 100.0877104408117 
00001000100021002000:231.85448809050658 188.49222785221485 140.32032981487103 57.667160721719654 445.22001771178947 
12002000100010000000:261.7387212717458 699.3633403768531 467.743601956425 469.0479316851512 305.32287445184596 
12102000000000001000:329.0124634002568 640.9882161365432 237.6643570263902 310.664614621519 219.70600614508433 
00001212000000001000:28.428376996067094 0 396.37304475633726 230.34864705137224 64.25182939017859 
00001000212000001000:132.1827470903179 188.01970499672694 2.8912799122536934 264.7410427813864 15.688323117076022 
12201000000000001000:38.448261172911366 191.5366846138171 162.9211155700533 289.8229802033489 60.58461909964859 
20001000110000002000:395.2777735215225 205.49615391814493 285.1828747299739 200.7023167700577 315.6442597261256 
12200000100010000000:-1000.0 274.02749067096164 -1000.0 -1000.0 -1000.0 
00001200200000001100:155.1991465350566 82.46056091780538 352.65114026011906 243.9674040663942 140.22147516824688 
20000000000021001100:450.6527351836916 686.4776998745727 663.6577420125235 301.5926325064465 453.9043089554922 
00000000121021000000:241.60065382917344 85.59710434908264 8.578285674780918 55.62715839399114 101.87463740732456 
00000000220000001110:-1000.0 -1000.0 -984.1269841269842 -1000.0 546.7084992692213 
20001211000000000000:250.60542006696446 0 137.86420503233305 264.3258389132231 96.76253834598216 
20001000110020000000:373.6119325717048 266.0954967581027 264.4189149733291 354.28290295019457 175.11959614483925 
20001200000010001000:-1000.0 -995.1131669724614 355.29628316266394 -1000.0 -1000.0 
20000000112000001000:264.0977046413702 306.35092448669815 54.231378474052306 399.6931943549625 189.52237215014478 
00001100100022000000:410.34700953129214 558.7751091198146 384.0174489153723 642.3399954849776 457.4256949574973 
00000000110012200000:29.782534790647126 123.29135708505001 37.67043176470589 0.0 19.5344987465659 
10000000200021001000:176.28448286323282 177.9637388712318 495.4054796008788 56.92288168266155 115.9295326999391 
10001200000020001000:392.49585759461684 123.15744318758745 374.62668882837346 682.2967596225893 502.7387750814288 
21210000100000000000:0 121.43213238585864 12.01049904921133 23.064820642385904 3.8809474473373777 
00002000112010000000:463.943839081238 622.9273384101975 152.58871999149187 500.66727759976357 432.15454999595664 
00002200100010001000:629.4536798981561 737.3856705249104 738.378895066654 757.3740950287728 686.2927631786391 
00001120200010000000:243.32693495640643 33.13249377176021 390.6842414060152 170.9689001325626 277.7050952435347 
21100000000012000000:0.0 169.1678886717662 72.62196557247671 0.0 7.463838461538462 
22101000100000000000:276.3285163300715 391.98332171948255 492.684319766091 275.66186882066296 174.97551000695896 
00000000000012001210:236.30858231090215 325.9999545857412 444.22621775712577 207.01926220516836 198.65370823444695 
00001121000020000000:173.03292056324636 0 154.17703394440196 511.0358297046637 108.28298434160847 
10001120200000000000:299.6896873395043 17.732042151861698 572.4772961117707 403.0101914261994 231.1291038185965 
12121000000000000000:0 74.97732857862744 120.6888286879121 317.02086743073295 110.92117968387328 
21001000000012000000:22.482197666149098 413.7869148968223 146.58232214295552 49.10291657629414 217.84390228863214 
00001100000000001220:35.44385755822545 9.236500096153847 96.89967124189019 37.14082215213385 4.372460829831934 
20000000210010001000:442.06897698680694 193.06369577339123 204.6503600606502 165.80755935228157 161.22366863384934 
00001100000000002210:36.99140341933094 81.19539044002576 53.55506169377529 187.59238070690247 7.901589441422032 
00001100000000002120:124.0112838687571 8.00496675 19.722559878192726 37.528968262499994 0.0 
21002100000000001000:290.428827290752 366.62280260883125 678.9890011730765 779.0099101090684 306.7638483036677 
22000000110000001000:605.6038990140034 402.84760616043917 292.89070847143677 440.0196030460517 185.6580635636181 
21000000000000001210:43.606640972472526 467.01069319388165 483.3548633559503 357.7308159929153 116.46637955418952 
21000000000000001120:0.0 390.8134175454474 483.8230917976214 290.50589516182674 14.701500000000003 
10001200200010000000:518.2317327000575 296.1442169626383 786.5205017404842 605.6069001182386 321.43740743399917 
10002200100000001000:698.178553111974 731.0389933137916 723.1843591969816 702.4504267692695 726.6481139405104 
10002000112000000000:190.3846099362366 558.1577509092795 191.06767467277643 263.6743368538251 343.5933735965866 
11002100200000000000:392.76296377502075 162.82103049322345 495.48791627343985 740.4407721301799 714.7387778548169 
00000000112100002000:99.25169553359132 372.0815749881682 0 196.61245769430013 40.10311648395603 
10002000000021001000:176.5588556188361 529.1379013204871 197.31862413489165 141.27076315588926 195.8383951858014 
00001210210000000000:78.37587062590006 31.529043677552302 36.95429155338677 194.62374221995967 150.16164556088452 
20000000200011001000:340.5428920007732 195.71495834209088 424.44541028668067 113.49831770618096 105.0278058162242 
00000000121210000000:43.4273724239256 141.1939149121976 0 140.96766286195611 33.14127034914733 
00001000120010002000:439.2177857856411 -1000.0 -1000.0 -1000.0 -1000.0 
11202100000000000000:83.12516530117239 129.99837715611892 496.6323133948646 349.8983329224087 370.036038416832 
11000000000010002200:177.81896852000438 318.0789645310671 228.433704172468 250.06749937743496 638.3065662266063 
10002000210010000000:78.19531398946748 507.9576436764189 162.7642793473257 139.33521553480017 180.8909994976422 
00000000000012002110:103.77592830000002 163.1976177857143 220.06094584070487 106.066558125 0.0 
10000000121200000000:134.0993512184521 243.16807187550413 0 101.66654150599217 79.20066824266279 
00000000111022000000:-1000.0 -1000.0 464.35894099997256 -1000.0 -1000.0 
00001110200000002000:-1000.0 387.90157921720646 -1000.0 -1000.0 -1000.0 
20002000000011001000:315.9350597212414 460.3675355616159 214.57767131700473 248.41626050055982 172.57222391045292 
10000000122000001000:317.4255709425216 216.26470082298687 15.041841410889536 129.31909399698503 191.16073231912128 
20001000100021000000:568.1394334901012 361.9553449195579 258.64471065679953 209.73939438745458 199.24082860343304 
11000000200000001200:238.05643244799847 144.2474139088721 363.9758770051769 189.7059396085568 47.506004311764734 
00000000122010001000:-1000.0 304.93466804585114 -1000.0 -1000.0 -1000.0 
00001100000020001200:170.79871478432617 185.69801431646803 140.0647964174367 341.68388157092426 54.03878255649846 
00001000000021102000:122.681544160843 10.608648604714286 43.26302843243927 0.0 273.3498750309841 
00002100000011200000:91.95930312213065 68.48335891311618 229.7126200279011 21.710893373018347 360.6255404061299 
00000000112120000000:312.4610210550323 301.59018422249335 0 419.45531603102864 304.25709254075457 
10000000220010001000:652.045970144294 615.4748302389672 655.9570754953315 625.9686931868467 601.9494400627344 
00002121100000000000:102.51633735154304 0 183.13543406383084 123.8108633094537 74.28462557554748 
10001000120000002000:-1000.0 -1000.0 -1000.0 451.21715087879716 -1000.0 
20001121000000000000:373.9917983427552 0 174.3394879887644 294.0746407104321 141.72672464043686 
00001000212100000000:85.6723667565036 32.41787264713892 0 123.6435503244734 217.80777476363895 
00001120210000000000:94.96912004352184 14.440311285592282 34.5443250356308 80.4499888449252 185.67591564883227 
10002000200011000000:162.6777897950476 401.9092846250939 338.1421991895998 273.37172443265337 124.17961746149894 
00000000210021001000:664.474425753279 661.2040759501895 520.8627785884547 243.51221171464118 243.46267050648837 
11002000000000001200:169.7398484962585 476.94729014406505 144.39386350018955 236.69929209610982 62.33320985705441 
10001000120020000000:490.39841279147635 703.4598237721826 327.3417208465842 745.891430304411 439.71583506405915 
12001000000021000000:61.16431495055582 73.8849587403906 308.0882915176302 8.808609746020409 122.19266065273658 
11000000200000002100:437.81331854587785 695.8553779442036 423.204131636045 676.2916048952382 289.2243281578099 
00001100000020002100:67.04502680811825 139.96174349794566 111.27349315224265 351.11938021568784 33.0274894953007 
12002000110000000000:167.14355973383212 445.3202425953439 170.41302625548667 160.78317927949442 171.7332786754481 
12001200100000000000:-1000.0 -1000.0 -1000.0 421.09814741221896 -1000.0 
00001110200020000000:-1000.0 200.9092820982909 -1000.0 -1000.0 -1000.0 
00000000100012120000:234.0084664493798 160.0516320877973 145.19539767857142 0 157.24853580374227 
11200000000000002100:27.921970889999997 347.1802138546347 357.9234132768605 259.55689136142865 0.82551219609375 
11002000000000002100:427.6048421518182 533.2745056782553 691.1102354566277 737.6442547646682 237.79788101205818 
21000000000020001100:321.8678053482102 758.0548025706473 756.5244358335322 461.596101901401 333.8893938722731 
10000000000022001100:422.1674974386087 502.73529368916587 403.27463269940694 628.8496781389651 457.18820690800794 
12100000000021000000:94.88261130709823 233.13736386649535 308.0830799858696 71.81836984486611 344.70412524271137 
00001100000022100000:84.83990516147381 78.50210874459049 62.569667942598755 16.82336158719843 225.38998965887436 
12200000110000000000:0.0 160.44373113434756 0.0 68.21263196254917 6.444148901296583 
00000000121012000000:449.7064241358672 389.2181479412034 103.85329619387755 38.80689435494505 289.9309725216707 
20000000000012001100:215.87331950396214 257.468956064807 140.4735720515673 41.07360170720682 74.08491696964285 
00002100100000001200:207.7762253224008 65.07030994638816 137.7363545127015 250.35294505691314 91.66599369279484 
00001200000021001000:152.656437752233 22.547009825552273 163.0965698102774 29.276841879619933 44.052515679377855 
20001110200000000000:-1000.0 286.95936580920636 -1000.0 -1000.0 -1000.0 
00001200210010000000:231.43012314701684 89.08945776953992 274.99993814859255 239.23211482622077 320.7556714237883 
00000000100000001212:130.10959550086704 166.9616371634694 174.4499535994286 292.2984902317292 0 
00000000100000001221:42.91722305707114 210.3567028949267 262.7802248728643 121.99606051580355 0 
00001000000021210000:179.7138679191203 24.95616970823631 6.259303139234694 0 8.972255810541718 
12000000120000001000:217.2468404575535 645.7570961389265 306.73589529404455 580.8046379806887 351.8216815979607 
00000000000011202100:56.887046046632435 345.2790291878878 89.52889191910715 0.0 84.36518720632895 
00001000100012002000:482.87167140633744 -1000.0 -1000.0 -1000.0 -1000.0 
20001000120010000000:-1000.0 -1000.0 -1000.0 -1000.0 427.9711452012651 
00002100100000002100:126.51083173449605 130.8007373920971 209.4486923450721 284.734502048752 73.99543632684649 
20001100000000002100:284.5808259887222 100.44439913961509 118.31304175292391 66.61631001630484 62.19606231789137 
00000000000012112000:132.33126867714287 136.06160105645756 214.3218256127665 0 95.16208609285712 
22001000000011000000:622.6032469553328 170.95121382809162 382.88434162016574 243.85849966313162 267.0544312513462 
20001100000000001200:203.84591577882372 58.90322002253363 85.5830437608491 164.62225645773268 36.431796935164144 
22100000000011000000:10.864947229385379 69.9911419235521 39.31503004286334 43.54470313461706 83.86197871021399 
20000000112100000000:402.50141793637414 222.68162034288378 0 259.8968238717479 110.69810792895349 
00002200110000001000:406.80735483783195 616.8351319474175 596.2156194154031 432.0426743314432 381.24249241202716 
